150
150
0 0 0 -1 -1 0 0 -1 0 -1 -1 0 0 0 0 -1 -1 -1 0 -1 -1 -1 -1 -1 -1 0 0 -1 -1 0 -1 -1 -1 -1 -1 -1 -1 0 0 -1 -1 -1 0 0 0 -1 0 -1 -1 -1 -1 0 -1 0 -1 -1 -1 -1 -1 0 -1 -1 -1 0 -1 0 -1 0 -1 -1 -1 0 0 -1 0 -1 0 0 -1 -1 -1 -1 -1 -6 0 -1 -1 -1 -1 -1 -1 0 -1 -1 -1 0 -1 0 -1 -1 -1 0 -1 0 -1 0 -1 0 0 -1 -1 0 -1 -1 -1 0 0 -1 0 -1 0 0 0 -1 0 0 0 0 -1 0 0 -1 -1 -1 0 -1 0 -1 -1 0 -1 -1 -1 0 -1 -1 -1 -1 -1 0
-1 -1 -1 0 -1 0 -1 -1 0 0 0 -1 -1 0 -1 -1 0 -1 0 0 0 -1 -1 -1 0 0 0 -1 0 -1 0 0 -1 0 0 -1 -1 0 0 0 -1 -1 -1 -1 0 -1 0 0 0 0 -1 -1 -1 -1 -1 -1 -1 -1 -1 0 0 -1 -1 -1 -1 -1 -1 -1 0 -1 -1 -1 -1 0 0 0 0 0 0 -1 -1 0 0 0 0 0 0 0 0 -1 -1 -1 -1 0 0 0 -1 -1 -1 -1 -1 -1 -1 -1 0 -1 -1 -1 -1 0 -1 -1 0 0 0 -1 -1 -1 0 -1 -1 -1 0 -1 0 -1 -1 0 -1 0 -1 -1 -1 0 -1 -1 0 0 -1 0 -1 -1 0 -1 -1 -1 0 -1 -1 -1
0 0 -1 0 -1 0 -1 -1 -1 0 -1 0 0 0 0 -1 -1 -1 -1 0 0 0 -1 -1 -1 -1 -1 0 0 -1 0 0 0 0 0 0 0 0 0 0 0 -1 0 -1 0 -1 -1 0 -1 0 -1 -1 -1 -1 0 -1 0 -1 -1 0 -1 0 0 -1 -1 0 -1 0 0 -1 -1 0 -1 -1 0 -1 -1 0 -1 -1 0 0 -1 0 -1 -1 -1 0 0 -1 -1 -1 -1 0 -1 0 -1 0 -1 -1 0 -1 0 -1 -1 -1 -1 -1 -1 0 0 -1 0 -1 0 0 0 0 -1 -1 0 -1 0 -1 0 0 -1 0 -1 -1 -1 -1 -1 -1 -1 0 -1 -1 0 0 -1 -1 0 -1 -1 0 -1 0 -1 -1
0 -1 0 0 0 -1 0 -1 0 -1 0 -1 0 -1 0 -1 0 0 -1 -1 0 -1 0 0 0 -1 -1 0 0 0 -1 0 -1 0 -1 -1 -1 0 -1 -1 -1 0 -1 -1 -1 -1 0 -1 -1 -1 -1 0 -1 0 -1 0 0 -1 -1 -1 -1 -1 -1 0 -1 0 -1 0 0 0 0 0 -1 -1 -1 0 -1 -1 0 0 -1 0 -1 -1 -1 -1 0 -1 0 0 0 0 -1 -1 -1 -1 -1 0 0 -1 -1 0 -1 0 0 -1 -1 -1 0 -1 0 -1 0 -1 0 -1 0 0 0 -1 0 -1 -1 -1 0 0 -1 0 -1 0 -1 -1 -1 -1 -1 0 -1 0 -1 -1 -1 -1 0 -1 -1 0 0 0 -1 -1
-1 0 -1 0 0 0 -1 -1 -1 0 0 -1 -1 -1 0 0 0 0 -1 -1 -1 -1 -1 -1 0 -1 -1 0 -1 -1 -1 0 0 0 0 -1 -1 -1 -1 -1 -1 -1 -1 0 0 -1 -1 -1 -1 -1 -1 0 -1 0 -1 0 0 0 -1 0 -1 -1 0 0 0 -1 -1 0 -1 0 0 0 -1 0 -1 -1 -1 -1 -1 0 -1 -1 -1 -1 -1 0 0 0 -1 0 -1 -1 0 0 0 -1 0 -1 0 0 -1 0 0 0 -1 0 0 -1 -1 0 -1 -1 0 0 -1 0 -1 -1 -1 0 -1 -1 0 -1 -1 -1 0 0 -1 0 0 0 0 0 0 -1 0 -1 -1 -1 0 -1 -1 0 -1 0 -1 0 -1 -1
-1 -1 0 -1 0 0 0 -1 -1 0 -1 0 -1 0 -1 0 -1 -1 -1 0 0 -1 -1 -1 -1 -1 -1 -1 -1 -1 -1 0 0 -1 -1 0 -1 0 -1 0 -1 0 -1 0 -1 0 -1 -1 -1 -1 -1 0 0 -1 0 0 -1 -1 -1 -1 -1 -1 0 0 -1 -1 -1 -1 0 -1 -1 -1 -1 -1 0 -1 -1 -1 0 -1 0 0 0 -1 0 0 -1 -1 -1 -1 -1 0 0 0 -1 -1 -1 -1 -1 0 0 -1 0 0 0 -1 -1 0 -1 0 -1 -1 -1 -1 -1 -1 -1 -1 -1 -1 -1 0 0 0 0 -1 -1 0 0 0 -1 -1 0 -1 0 0 0 -1 0 -1 0 0 -1 -1 0 -1 -1 0 -1 -1
0 -1 -1 -1 0 -1 0 -1 -1 0 -1 -1 -1 -1 -1 -1 -1 -1 -1 -1 -1 -1 -1 0 0 0 -1 -1 0 -1 0 -1 -1 0 0 0 0 -1 0 -1 -1 -1 0 0 -1 -1 -1 -1 -1 0 -1 0 -1 0 0 -1 0 -1 0 -1 -1 -1 0 -1 0 -1 0 -1 0 -1 -1 0 -1 0 0 0 -1 -1 -1 0 0 -1 0 -1 -1 0 -1 -1 -1 -1 -1 -1 -1 -1 0 -1 0 0 0 0 -1 -1 -1 0 -1 0 0 -1 -1 0 -1 -1 -1 -1 -1 0 -1 0 0 0 -1 -1 -1 0 -1 -1 -1 -1 -1 -1 0 -1 -1 0 0 0 -1 -1 -1 -1 -1 0 -1 -1 0 -1 -1 -1 -1 -1
0 0 -1 -1 0 -1 -1 0 -1 0 0 -1 -1 -1 0 -1 -1 -1 -1 -1 -1 0 0 -1 0 0 -1 -1 -1 0 -1 0 -1 0 -1 0 0 -1 -1 -1 -1 -1 -1 0 -1 -1 0 -1 -1 -1 0 0 0 -1 0 -1 -1 -1 0 0 -1 -1 0 -1 -1 0 -1 -1 0 -1 -1 -1 -1 0 -1 0 0 -1 0 0 -1 0 -1 0 -1 -1 0 -1 -1 -1 -1 0 0 0 -1 0 -1 0 -1 -1 -1 -1 -1 -1 -1 0 -1 -1 0 -1 -1 -1 -1 -1 0 0 0 0 0 -1 0 -1 0 0 -1 0 -1 0 0 0 0 -1 -1 -1 0 0 0 0 -1 0 0 -1 -1 0 -1 -1 -1 0 -1 0
0 0 -1 0 0 0 -1 -1 0 0 0 -1 0 -1 -1 0 -1 0 0 -1 0 -1 0 0 -1 0 -1 -1 -1 -1 -1 0 -1 -1 0 -1 0 0 -1 -1 -1 -1 -1 -1 -1 -1 -1 -1 -1 -1 -1 -1 0 0 0 -1 0 -1 -1 -1 -1 0 -1 -1 -1 -1 0 -1 0 -1 -1 0 -1 -1 -1 -1 -1 -1 -1 -1 -1 -1 -1 -1 -1 -1 -1 0 0 -1 -1 -1 0 0 0 0 -1 0 -1 -1 -1 -1 -1 0 -1 -1 -1 0 0 -1 0 0 0 -1 -1 -1 -1 0 0 -1 0 0 -1 0 0 -1 -1 0 -1 0 -1 -1 -1 0 0 -1 -1 -1 -1 0 -1 -1 -1 -1 0 0 -1 0 0 0
-1 0 -1 0 0 0 -1 0 -1 -1 0 0 -1 -1 0 -1 0 -1 -1 0 -1 -1 0 0 -1 -1 0 0 0 -1 0 -1 -1 0 -1 -1 0 -1 -1 0 0 0 0 -1 0 0 -1 -1 -1 -1 0 -1 0 0 -1 -1 -1 0 0 -1 -1 -1 0 0 -1 0 0 0 -1 -1 -1 -1 -1 -1 0 0 -1 0 0 -1 -1 -1 0 0 -1 -1 -1 0 0 0 0 -1 0 -1 0 0 -1 0 -1 -1 -1 0 -1 -1 -1 -1 -1 -1 -1 -1 0 0 -1 -1 -1 0 -1 -1 0 -1 0 0 0 0 0 -1 -1 -1 0 0 -1 -1 0 0 -1 -1 0 -1 -1 -1 -1 -1 -1 -1 -1 0 -1 0 -1 0
-1 -1 0 0 0 0 -1 -1 -1 -1 0 -1 -1 -1 -1 -1 -1 0 0 0 -1 0 -1 0 -1 -1 0 0 0 -1 -1 -1 0 0 0 -1 0 -1 -1 -1 0 -1 0 -1 0 -1 0 0 0 -1 -1 -1 -1 -1 0 -1 -1 -1 -1 -1 -1 -1 -1 -1 0 -1 0 -1 0 -1 0 -1 -1 -1 -1 -1 0 -1 -1 0 -1 0 0 -1 -1 -1 -1 0 -1 -1 -1 -1 -1 -1 0 0 -1 -1 -1 0 0 -1 0 0 -1 -1 0 0 -1 0 0 0 -1 0 -1 0 0 0 -1 0 0 -1 -1 -1 -1 -1 0 0 -1 0 -1 -1 -1 -1 -1 -1 -1 -1 -1 -1 -1 0 0 -1 -1 -1 -1 -1 -1 -1
-1 0 0 -1 0 0 -1 -1 -1 -1 0 -1 -1 0 0 -1 0 -1 0 -1 0 -1 0 0 -1 0 -1 -1 0 -1 -1 -1 -1 -1 -1 0 0 -1 -1 0 -1 0 -1 0 0 -1 0 -1 0 -1 0 0 0 -1 0 0 0 0 0 -1 0 -1 0 -1 -1 0 0 -1 -1 -1 -1 -1 -1 0 0 0 -1 -1 -1 -1 0 0 -1 -1 0 0 0 0 -1 -1 -1 0 0 0 0 -1 -1 0 -1 -1 0 0 -1 -1 0 0 -1 -1 -1 -1 0 -1 0 0 -1 -1 -1 -1 -1 0 -1 -1 -1 0 0 0 0 -1 -1 -1 0 0 0 -1 -1 -1 -1 -1 -1 -1 -1 0 0 -1 0 -1 -1 0 0 0
0 -1 -1 -1 -1 0 -1 -1 0 0 -1 -1 -1 -1 0 -1 0 0 -1 0 0 -1 -1 0 -1 -1 0 -1 0 -1 -1 -1 0 -1 0 -1 0 -1 0 -1 -1 -1 -1 0 -1 -1 -1 -1 -1 -1 0 -1 -1 0 0 -1 0 -1 -1 0 -1 -1 0 -1 -1 0 -1 -1 0 0 -1 -1 0 0 0 -1 -1 -1 0 0 -1 -1 -1 0 0 -1 -1 -1 0 0 -1 -1 0 -1 -1 -1 -1 -1 -1 -1 -1 -1 -1 -1 0 0 0 -1 -1 0 -1 0 -1 0 -1 0 0 0 0 -1 -1 -1 0 0 -1 -1 -1 -1 0 -1 0 0 0 -1 -1 -1 0 -1 -1 -1 -1 -1 0 -1 0 -1 0 -1 -1 -1
0 -1 -1 -1 -1 0 -1 -1 -1 -1 -1 0 0 -1 0 0 0 -1 0 0 0 0 -1 -1 0 -1 -1 -1 0 -1 -1 -1 0 0 -1 -1 -1 -1 -1 -1 0 -1 0 0 -1 -1 0 -1 -1 -1 0 -1 -1 -1 0 -1 -1 -1 0 -1 0 -1 -1 -1 -1 -1 0 0 0 0 -1 -1 0 -1 -1 -1 -1 -1 -1 -1 -1 -1 0 -1 -1 0 -1 0 0 0 0 0 0 -1 -1 0 0 -1 -1 -1 -1 -1 -1 -1 -1 -1 0 -1 -1 -1 0 0 0 0 0 -1 0 -1 -1 0 0 -1 0 0 0 0 -1 0 0 -1 0 0 -1 -1 -1 0 -1 -1 -1 -1 0 0 -1 -1 -1 -1 0 -1 0 0
0 0 0 -1 -1 -1 0 0 0 -1 -1 0 -1 -1 -1 -1 -1 -1 0 -1 -1 -1 0 -1 -1 -1 -1 0 0 0 -1 -1 -1 0 -1 0 0 -1 0 0 -1 0 -1 -1 -1 -1 0 0 -1 0 0 -1 -1 0 -1 -1 0 0 -1 -1 0 0 -1 -1 0 -1 0 -1 -1 0 -1 0 -1 -1 -1 -1 0 0 0 0 -1 -1 -1 0 0 -1 -1 0 -1 0 0 -1 0 -1 0 -1 -1 0 -1 0 -1 -1 -1 -1 0 -1 -1 0 -1 0 -1 -1 -1 -1 0 -1 0 0 0 -1 -1 -1 0 0 -1 0 -1 0 -1 -1 -1 0 -1 -1 -1 -1 -1 -1 -1 -1 -1 -1 0 0 -1 0 -1 0 -1 -1
0 -1 0 -1 0 -1 -1 0 0 -1 -1 -1 0 -1 -1 0 0 -1 -1 -1 0 -1 -1 -1 -1 0 0 0 0 0 -1 -1 -1 -1 -1 -1 0 -1 -1 -1 -1 0 -1 -1 0 -1 -1 0 0 -1 0 -1 -1 -1 -1 0 -1 -1 -1 0 0 0 -1 0 -1 -1 -1 0 0 0 0 -1 -1 -1 -1 -1 0 -1 0 -1 -1 0 0 -1 0 0 -1 -1 0 -1 -1 -1 -1 -1 -1 -1 0 0 -1 -1 0 0 -1 -1 0 0 -1 -1 0 0 -1 0 -1 -1 -1 -1 -1 0 -1 0 0 0 -1 0 -1 -1 -1 0 -1 -1 0 -1 -1 -1 -1 -1 -1 -1 -1 -1 0 0 -1 0 -1 -1 0 -1 0 -1
-1 0 0 -1 -1 0 0 -1 -1 -1 -1 -1 -1 -1 0 0 -1 -1 -1 -1 0 0 -1 -1 -1 -1 -1 -1 -1 0 -1 -1 -1 0 -1 -1 0 -1 -1 0 0 -1 -1 -1 0 -1 0 -1 0 0 0 -1 -1 0 -1 -1 -1 -1 0 -1 -1 -1 -1 -1 0 0 -1 -1 0 0 -1 -1 -1 -1 0 0 -1 0 0 -1 0 -1 -1 -1 -1 0 0 -1 0 -1 0 0 0 -1 -1 -1 -1 0 0 0 -1 0 0 -1 0 -1 0 0 0 0 -1 0 -1 -1 0 -1 -1 0 0 -1 0 -1 0 -1 0 -1 0 0 0 0 -1 0 0 -1 -1 -1 -1 -1 0 -1 -1 0 0 0 0 -1 -1 -1 -1 0
0 0 0 -1 0 0 0 0 0 -1 0 0 0 -1 -1 -1 0 -1 0 -1 -1 -1 0 -1 0 0 -1 0 -1 -1 -1 -1 -1 -1 -1 -1 0 0 -1 -1 0 -1 -1 0 -1 0 -1 -1 0 -1 -1 0 0 -1 -1 -1 -1 0 0 -1 0 0 -1 0 -1 -1 0 0 -1 -1 -1 -1 0 0 0 -1 0 -1 0 0 -1 0 0 0 0 -1 -1 0 -1 -1 0 0 -1 -1 -1 -1 -1 0 -1 0 0 -1 -1 -1 -1 -1 -1 -1 -1 -1 0 0 -1 0 0 0 -1 0 -1 0 0 -1 -1 0 -1 -1 -1 -1 -1 0 -1 -1 -1 0 0 -1 -1 -1 -1 -1 -1 -1 -1 -1 -1 -1 0 -1 0 -1
-1 -1 -1 0 0 -1 0 -1 -1 0 0 -1 -1 0 0 -1 0 0 0 -1 -1 -1 -1 0 -1 -1 -1 0 -1 -1 -1 -1 -1 0 0 -1 -1 0 -1 0 -1 0 0 0 0 -1 -1 -1 -1 -1 -1 0 0 0 -1 0 -1 -1 0 0 0 0 -1 0 -1 -1 0 -1 -1 -1 0 0 -1 0 0 0 0 0 0 -1 -1 0 -1 0 -1 0 -1 0 -1 0 0 -1 -1 0 0 -1 -1 -1 -1 -1 -1 -1 -1 -1 -1 -1 0 -1 0 0 0 0 0 -1 -1 -1 -1 -1 0 -1 -1 -1 0 0 -1 0 0 -1 -1 0 -1 0 -1 0 0 0 0 0 -1 0 -1 -1 0 0 -1 0 -1 -1 -1 -1
-1 -1 -1 -1 -1 -1 -1 -1 -1 0 -1 0 0 0 0 0 -1 -1 0 0 0 -1 -1 -1 -1 -1 0 -1 -1 0 -1 0 0 -1 -1 -1 -1 0 0 -1 -1 -1 -1 0 -1 -1 0 0 0 0 0 -1 -1 -1 0 0 -1 0 -1 -1 0 -1 -1 -1 0 -1 0 -1 0 -1 -1 -1 0 -1 -1 0 -1 -1 0 -1 0 -1 0 0 -1 -1 0 -1 -1 -1 -1 0 0 -1 0 -1 -1 -1 -1 0 -1 0 -1 -1 0 0 -1 -1 -1 -1 0 -1 -1 -1 -1 -1 0 0 -1 -1 -1 0 -1 0 -1 -1 0 0 0 0 -1 0 0 0 -1 -1 -1 -1 0 -1 0 -1 -1 -1 0 0 0 0 -1 -1
-1 0 -1 0 -1 -1 0 -1 -1 -1 -1 0 0 -1 -1 -1 -1 -1 -1 -1 0 -1 0 -1 0 0 -1 -1 0 -1 0 0 -1 0 0 -1 0 -1 -1 0 -1 0 -1 -1 0 -1 0 0 0 0 -1 -1 -1 -1 -1 -1 -1 -1 -1 0 0 -1 0 -1 0 -1 -1 0 0 0 -1 0 0 0 -1 0 -1 0 0 -1 -1 -1 0 -1 0 -1 -1 -1 -1 -1 0 -1 0 -1 -1 0 0 0 -1 -1 0 0 -1 -1 0 0 -1 0 0 0 -1 0 0 0 -1 -1 -1 0 -1 0 -1 -1 -1 0 0 0 0 -1 -1 -1 -1 0 0 0 0 -1 -1 -1 0 -1 -1 -1 0 0 0 -1 -1 -1 0 -1
0 -1 -1 -1 -1 -1 0 -1 -1 -1 -1 -1 0 -1 -1 -1 -1 -1 -1 -1 -1 0 0 0 -1 -1 0 -1 0 -1 0 0 -1 -1 0 0 -1 0 -1 -1 -1 -1 0 0 0 -1 -1 -1 -1 0 -1 0 -1 -1 0 0 -1 -1 0 -1 -1 -1 -1 -1 -1 0 0 0 0 -1 -1 -1 0 -1 -1 0 -1 -1 0 -1 -1 0 0 0 0 -1 0 -1 -1 -1 0 -1 -1 0 0 -1 -1 -1 0 -1 -1 0 0 -1 0 -1 -1 0 0 -1 -1 -1 -1 -1 0 -1 -1 -1 -1 0 -1 -1 0 -1 -1 -1 -1 -1 0 0 0 0 0 -1 -1 -1 -1 -1 -1 -1 -1 -1 0 0 -1 -1 -1 -1 0 0
-1 -1 -1 -1 -1 -1 0 0 0 -1 0 -1 -1 -1 0 0 0 -1 0 -1 0 -1 -1 0 0 -1 0 -1 -1 -1 0 -1 -1 -1 -1 -1 -1 0 0 -1 -1 -1 0 -1 -1 -1 -1 -1 0 0 0 -1 -1 -1 -1 0 -1 -1 0 -1 0 -1 -1 -1 -1 0 -1 -1 0 -1 -1 -1 -1 0 -1 -1 0 0 -1 -1 -1 0 -1 -1 0 -1 0 -1 0 0 0 0 -1 -1 -1 -1 0 0 0 -1 0 -1 0 -1 -1 0 -1 -1 -1 0 -1 -1 -1 -1 0 0 -1 -1 0 -1 -1 -1 0 -1 -1 -1 0 -1 -1 0 -1 0 -1 -1 0 -1 -1 -1 -1 0 -1 -1 -1 -1 0 -1 0 -1 -1 -1
-1 -1 -1 -1 -1 0 0 0 -1 0 -1 0 -1 -1 -1 0 -1 0 -1 -1 -1 0 0 -1 -1 -1 -1 -1 -1 -1 -1 0 -1 0 0 0 -1 -1 0 -1 -1 -1 -1 0 -1 -1 -1 0 0 0 -1 -1 -1 -1 -1 -1 0 0 0 0 0 -1 -1 -1 0 -1 -1 0 -1 0 -1 0 -1 -1 0 -1 -1 -1 -1 -1 -1 0 -1 -1 -1 0 0 0 -1 0 0 -1 0 0 -1 -1 -1 0 0 -1 -1 -1 -1 0 -1 -1 0 -1 0 -1 -1 -1 -1 -1 0 0 0 -1 0 -1 0 -1 -1 -1 -1 0 -1 -1 -1 0 -1 0 0 0 0 -1 -1 -1 -1 -1 0 -1 -1 0 -1 0 -1 -1 -1 0
-1 -1 -1 -1 0 -1 0 -1 -1 0 -1 -1 -1 0 -1 0 0 0 -1 -1 0 -1 0 -1 0 0 0 0 -1 -1 -1 -1 -1 -1 0 -1 -1 -1 -1 0 0 -1 -1 0 -1 -1 0 -1 0 0 0 0 -1 0 -1 -1 -1 -1 -1 -1 -1 0 0 0 -1 -1 -1 -1 0 -1 0 0 -1 0 0 -1 0 -1 0 -1 -1 0 0 -1 -1 0 0 0 -1 0 0 0 0 -1 -1 -1 0 -1 -1 0 -1 -1 -1 0 -1 0 0 -1 -1 0 -1 -1 -1 -1 -1 0 -1 -1 0 -1 -1 -1 -1 0 -1 -1 0 -1 -1 -1 0 -1 -1 -1 0 0 -1 -1 0 -1 0 -1 -1 0 0 -1 -1 -1 0 0
-1 0 -1 0 -1 -1 -1 0 0 -1 -1 -1 -1 -1 -1 -1 0 -1 -1 -1 -1 -1 -1 -1 0 -1 -1 0 -1 -1 0 -1 -1 0 -1 -1 -1 -1 -1 -1 0 -1 -1 0 -1 -1 -1 0 -1 -1 -1 0 0 0 -1 -1 0 0 -1 -1 0 -1 -1 -1 -1 0 -1 -1 -1 0 -1 0 -1 0 -1 -1 -1 0 0 -1 -1 0 0 0 0 0 -1 -1 -1 0 -1 0 -1 -1 -1 -1 0 -1 -1 0 0 -1 0 -1 -1 -1 -1 0 0 -1 0 0 -1 0 -1 -1 -1 -1 -1 -1 0 -1 -1 -1 0 0 -1 -1 0 0 0 0 -1 -1 0 0 0 0 -1 -1 0 -1 0 -1 0 -1 -1 -1 -1 -1
-1 -1 -1 0 0 -1 -1 -1 0 -1 -1 -1 -1 -1 -1 -1 0 0 -1 0 -1 -1 -1 -1 0 -1 -1 -1 0 -1 -1 -1 -1 -1 -1 -1 -1 -1 -1 0 0 -1 0 0 -1 0 0 0 0 -1 0 -1 -1 0 -1 0 0 -1 0 0 0 -1 -1 0 0 -1 -1 -1 -1 0 -1 -1 -1 0 0 0 -1 -1 -1 0 0 -1 0 0 -1 0 0 -1 -1 0 -1 0 -1 -1 0 -1 -1 -1 -1 0 0 0 0 0 -1 -1 0 -1 0 -1 0 0 -1 -1 0 -1 -1 -1 -1 -1 0 0 -1 -1 0 0 -1 0 0 0 0 -1 -1 -1 -1 -1 -1 0 0 0 -1 -1 0 0 0 -1 0 -1 -1 0
0 -1 -1 0 0 0 0 -1 -1 -1 -1 -1 -1 -1 -1 0 -1 -1 -1 -1 0 -1 -1 -1 0 0 0 0 -1 -1 -1 0 -1 0 0 -1 -1 0 -1 0 -1 -1 0 0 -1 0 -1 -1 -1 -1 0 -1 -1 -1 -1 -1 -1 -1 -1 -1 0 -1 -1 -1 0 0 0 -1 -1 -1 -1 -1 -1 -1 0 -1 -1 0 -1 -1 -1 0 0 -1 0 -1 0 0 0 0 -1 -1 -1 0 -1 -1 0 -1 -1 -1 -1 -1 -1 0 0 0 -1 0 0 0 -1 0 0 -1 0 0 0 -1 -1 0 0 -1 0 0 -1 -1 0 -1 -1 0 0 0 -1 -1 -1 -1 0 0 -1 0 0 -1 0 -1 0 0 0 -1 -1 0
0 0 0 -1 -1 0 -1 -1 -1 -1 -1 0 -1 -1 -1 -1 -1 -1 -1 0 -1 0 0 0 0 -1 -1 0 -1 -1 0 -1 0 0 0 0 -1 -1 -1 -1 -1 0 0 0 -1 -1 -1 -1 0 0 0 -1 -1 0 0 -1 0 0 0 -1 0 0 0 0 -1 -1 -1 -1 -1 0 -1 -1 0 0 0 -1 -1 -1 -1 -1 -1 -1 0 -1 -1 -1 0 -1 -1 -1 -1 -1 -1 -1 -1 -1 -1 0 -1 0 0 0 0 0 -1 -1 -1 -1 0 -1 -1 0 -1 0 -1 -1 0 -1 0 -1 -1 -1 -1 -1 0 -1 -1 0 -1 -1 0 0 -1 -1 -1 0 -1 0 -1 -1 -1 -1 -1 -1 -1 -1 0 0 -1 -1
-1 -1 0 -1 -1 0 0 -1 -1 0 -1 -1 0 -1 0 0 -1 -1 0 0 -1 0 -1 -1 0 -1 -1 0 -1 -1 0 -1 0 0 -1 -1 0 -1 0 0 0 0 -1 -1 0 0 -1 -1 -1 -1 0 -1 0 -1 0 0 -1 0 -1 0 -1 0 -1 0 -1 -1 0 0 0 -1 -1 -1 -1 0 0 0 0 -1 -1 -1 -1 -1 -1 -1 0 -1 -1 -1 -1 0 -1 -1 0 -1 0 -1 0 -1 -1 0 -1 -1 -1 -1 -1 -1 -1 0 -1 -1 -1 -1 -1 -1 0 0 -1 0 -1 -1 -1 0 -1 0 -1 0 -1 -1 -1 -1 -1 -1 -1 -1 0 -1 -1 0 0 0 0 -1 -1 0 0 0 -1 0 -1 0
0 0 -1 -1 -1 0 0 0 -1 -1 -1 0 0 -1 0 0 -1 0 -1 -1 -1 0 0 -1 0 0 -1 0 -1 -1 0 -1 0 -1 -1 -1 0 0 0 0 0 0 -1 -1 -1 -1 -1 -1 -1 -1 -1 0 -1 0 -1 -1 -1 -1 -1 0 0 0 -1 -1 0 0 0 -1 -1 -1 -1 -1 -1 -1 -1 -1 -1 0 -1 -1 -1 -1 -1 0 -1 -1 -1 0 -1 -1 0 0 -1 0 0 -1 -1 0 -1 -1 0 -1 0 -1 -1 0 0 0 -1 0 0 0 -1 0 -1 0 -1 0 -1 -1 0 -1 -1 -1 0 0 -1 -1 -1 -1 0 0 -1 -1 0 0 -1 0 -1 0 -1 0 -1 -1 0 -1 -1 -1 -1 -1
0 -1 -1 0 -1 -1 -1 0 -1 0 0 0 0 -1 -1 -1 0 -1 -1 -1 -1 -1 -1 -1 0 -1 -1 0 0 -1 -1 -1 0 -1 0 0 -1 0 0 -1 -1 0 -1 0 0 -1 0 -1 0 -1 -1 0 -1 0 -1 -1 -1 -1 -1 0 -1 -1 0 -1 -1 -1 -1 -1 0 0 -1 -1 -1 -1 0 -1 0 -1 0 -1 -1 -1 -1 0 0 -1 0 0 -1 0 0 -1 0 -1 -1 -1 0 -1 -1 -1 -1 -1 0 0 0 -1 -1 -1 -1 -1 -1 -1 0 -1 0 -1 -1 -1 0 0 0 -1 0 0 -1 0 -1 0 -1 0 -1 -1 0 -1 -1 0 -1 0 -1 0 -1 -1 -1 -1 -1 -1 -1 -1 -1 0
-1 -1 -1 -1 0 -1 -1 0 -1 -1 -1 0 -1 0 -1 -1 0 -1 -1 -1 -1 0 0 0 -1 0 0 0 -1 -1 -1 0 0 -1 -1 0 -1 -1 -1 -1 -1 -1 -1 0 -1 0 0 -1 -1 -1 0 -1 -1 0 -1 0 -1 -1 -1 -1 0 0 0 -1 -1 -1 0 -1 -1 -1 -1 -1 -1 -1 -1 -1 -1 -1 -1 -1 -1 -1 -1 0 0 0 -1 -1 -1 -1 0 0 -1 -1 -1 -1 0 0 -1 -1 -1 0 -1 -1 -1 -1 -1 -1 0 -1 0 -1 0 -1 -1 -1 0 -1 -1 -1 0 -1 -1 -1 0 0 -1 0 -1 0 -1 0 0 -1 -1 -1 -1 -1 0 0 -1 0 0 0 -1 -1 0 -1 0 -1
0 -1 0 -1 0 0 -1 -1 -1 -1 -1 0 -1 -1 0 0 0 -1 0 -1 0 -1 0 -1 0 0 -1 0 0 0 0 0 0 0 -1 -1 -1 -1 -1 0 -1 -1 0 -1 0 0 -1 0 -1 0 -1 -1 -1 -1 -1 -1 -1 -1 -1 -1 0 0 -1 0 -1 0 0 0 0 0 -1 0 0 0 -1 0 0 -1 0 -1 -1 -1 -1 -1 0 0 0 -1 -1 -1 -1 0 -1 -1 -1 0 -1 0 -1 -1 -1 0 0 -1 -1 -1 -1 0 0 0 0 -1 -1 -1 -1 -1 -1 0 -1 -1 -1 0 0 0 -1 -1 0 0 0 -1 0 0 0 0 0 0 -1 0 -1 0 -1 -1 0 0 0 -1 0 0 0 -1
-1 0 -1 -1 -1 -1 -1 -1 0 0 -1 -1 0 -1 -1 -1 0 0 -1 0 -1 0 -1 0 -1 0 -1 -1 -1 0 -1 0 -1 -1 0 -1 0 0 0 -1 -1 0 -1 -1 -1 -1 -1 0 -1 0 -1 0 0 -1 0 -1 -1 -1 -1 -1 0 -1 -1 -1 -1 0 -1 -1 -1 0 -1 -1 0 -1 0 0 -1 0 0 0 -1 0 0 -1 0 -1 -1 -1 -1 -1 0 0 0 0 -1 -1 -1 0 0 -1 0 0 -1 0 0 0 0 0 -1 0 -1 -1 0 -1 0 -1 -1 0 0 0 -1 -1 -1 -1 0 -1 0 0 -1 -1 -1 -1 -1 -1 -1 -1 -1 -1 0 -1 -1 -1 0 -1 -1 -1 0 -1 -1 -1
0 -1 0 -1 -1 -1 -1 -1 0 0 -1 0 0 0 -1 0 -1 -1 -1 -1 -1 -1 -1 -1 0 -1 -1 0 0 -1 -1 -1 -1 0 0 -1 -1 0 -1 0 0 0 0 0 0 0 -1 0 0 -1 -1 0 0 -1 -1 -1 -1 -1 -1 0 0 0 0 -1 -1 -1 -1 -1 0 -1 -1 0 -1 0 -1 -1 0 -1 -1 -1 0 0 -1 0 0 -1 -1 -1 -1 0 -1 -1 -1 0 -1 -1 -1 0 -1 0 -1 0 -1 0 -1 0 -1 -1 -1 0 -1 0 -1 0 -1 -1 0 -1 0 -1 0 -1 0 0 0 -1 0 -1 0 0 -1 -1 0 -1 0 -1 0 -1 -1 0 -1 -1 -1 -1 0 0 0 0 -1 -1
0 -1 0 0 -1 0 0 -1 0 0 -1 0 0 -1 0 -1 -1 0 -1 -1 0 -1 -1 -1 -1 -1 0 -1 0 -1 -1 0 -1 0 0 0 -1 0 0 0 -1 0 -1 -1 -1 -1 -1 -1 -1 -1 0 0 0 0 0 0 -1 0 0 -1 0 -1 0 0 -1 -1 -1 0 0 -1 -1 -1 -1 -1 -1 -1 -1 -1 -1 -1 -1 -1 -1 0 -1 -1 -1 0 -1 0 -1 -1 -1 -1 -1 -1 -1 0 0 -1 -1 -1 -1 -1 -1 -1 -1 -1 -1 0 -1 -1 -1 0 0 -1 -1 0 -1 -1 -1 -1 -1 -1 -1 0 0 -1 -1 -1 0 -1 -1 0 -1 0 -1 -1 0 -1 -1 0 -1 -1 -1 -1 -1 0 0 -1
-1 0 0 -1 -1 -1 -1 -1 -1 -1 -1 0 -1 -1 -1 -1 -1 -1 0 0 0 -1 -1 -1 0 0 0 0 -1 -1 -1 -1 0 -1 -1 0 -1 -1 0 0 0 0 0 0 0 -1 0 -1 -1 0 -1 0 0 -1 0 0 -1 0 0 0 -1 0 -1 -1 -1 -1 0 0 0 -1 0 0 -1 0 -1 -1 -1 0 0 -1 0 -1 -1 -1 -1 0 0 -1 -1 0 -1 0 0 0 -1 0 0 0 -1 0 -1 -1 -1 -1 0 -1 -1 0 0 0 -1 -1 0 -1 0 0 0 0 0 0 0 -1 0 -1 -1 -1 -1 -1 0 0 -1 0 -1 -1 -1 -1 0 -1 -1 -1 -1 0 0 0 -1 -1 0 -1 0 0
0 -1 -1 -1 -1 -1 0 -1 0 -1 -1 0 -1 -1 -1 0 0 -1 0 -1 0 -1 -1 0 0 -1 -1 0 0 -1 0 0 0 -1 -1 -1 -1 0 -1 0 0 -1 0 -1 0 -1 0 0 -1 0 -1 -1 -1 0 -1 -1 0 0 -1 0 0 -1 0 -1 -1 -1 -1 0 0 -1 0 0 0 -1 -1 0 0 -1 -1 -1 0 0 -1 -1 -1 -1 -1 -1 0 -1 -1 -1 -1 0 0 0 -1 -1 -1 -1 -1 -1 -1 -1 -1 -1 0 0 0 -1 0 -1 -1 0 0 -1 0 -1 -1 -1 -1 -1 -1 0 -1 0 -1 0 0 0 0 0 0 -1 0 -1 -1 -1 -1 -1 -1 -1 0 0 -1 -1 -1 -1 -1 0
0 0 0 0 -1 -1 -1 -1 0 -1 -1 -1 -1 0 -1 -1 0 0 -1 0 -1 0 -1 0 -1 -1 0 0 0 -1 -1 -1 -1 -1 -1 -1 0 0 -1 -1 0 0 0 0 0 0 -1 -1 0 -1 0 0 0 -1 -1 -1 -1 -1 0 0 -1 0 -1 0 -1 -1 -1 -1 0 -1 0 -1 -1 -1 -1 -1 -1 -1 -1 0 0 -1 -1 -1 0 -1 0 0 0 -1 0 -1 -1 -1 -1 -1 -1 0 -1 0 -1 0 0 0 -1 0 0 -1 -1 0 -1 -1 -1 -1 -1 -1 0 0 0 -1 -1 0 0 -1 -1 0 0 -1 -1 0 -1 -1 0 0 -1 -1 -1 0 -1 -1 0 0 -1 -1 -1 -1 0 -1 0 0
0 0 -1 0 0 0 0 -1 -1 -1 -1 -1 -1 0 0 -1 0 -1 -1 -1 -1 -1 -1 -1 0 -1 0 -1 0 -1 0 -1 0 0 -1 -1 0 -1 -1 -1 0 0 -1 -1 0 -1 -1 0 0 0 -1 -1 0 0 0 -1 0 0 -1 0 -1 0 0 0 0 -1 -1 0 -1 0 -1 0 -1 0 -1 -1 -1 -1 0 -1 -1 0 -1 0 -1 -1 -1 0 -1 -1 0 -1 -1 -1 0 -1 0 0 -1 -1 -1 -1 0 0 -1 -1 0 -1 -1 -1 0 0 -1 0 -1 0 -1 -1 -1 -1 -1 -1 0 0 -1 -1 -1 -1 0 -1 -1 -1 -1 0 -1 -1 -1 0 -1 0 -1 -1 -1 -1 -1 -1 -1 0 -1 -1
0 -1 -1 -1 0 0 0 -1 0 -1 0 -1 -1 -1 -1 0 -1 -1 -1 0 -1 -1 -1 -1 0 0 -1 -1 -1 0 -1 0 -1 -1 0 -1 0 -1 -1 -1 -1 -1 0 0 -1 -1 0 -1 -1 -1 -1 -1 -1 -1 -1 -1 0 -1 -1 -1 -1 0 -1 0 -1 -1 -1 0 -1 -1 0 -1 -1 0 0 -1 -1 -1 -1 0 0 0 0 -1 0 -1 0 -1 -1 -1 -1 -1 -1 -1 -1 -1 -1 -1 -1 0 -1 0 -1 -1 -1 0 0 0 -1 -1 0 -1 -1 -1 -1 -1 0 0 -1 -1 0 0 -1 -1 -1 -1 0 -1 -1 0 0 -1 -1 -1 -1 -1 -1 0 0 0 0 -1 0 -1 0 -1 -1 -1 -1 0
-1 -1 0 -1 -1 -1 0 0 -1 0 0 0 -1 -1 -1 0 0 0 0 0 0 0 -1 -1 0 -1 -1 0 -1 -1 -1 0 0 0 -1 -1 -1 0 -1 -1 -1 0 -1 0 -1 0 0 -1 0 -1 0 0 0 -1 0 -1 -1 0 -1 0 -1 0 -1 0 0 -1 -1 0 -1 -1 -1 0 0 -1 -1 0 0 0 0 -1 0 -1 -1 -1 -1 -1 -1 -1 -1 -1 0 0 0 -1 -1 0 -1 0 -1 -1 -1 -1 0 0 -1 0 -1 -1 -1 -1 -1 -1 -1 -1 -1 -1 -1 -1 -1 -1 -1 0 0 -1 0 -1 0 -1 0 0 0 -1 -1 -1 0 0 0 -1 -1 -1 -1 0 -1 0 -1 0 0 0 -1 -1
-1 0 0 0 -1 -1 0 -1 -1 -1 0 0 -1 -1 -1 -1 -1 -1 -1 -1 0 0 0 -1 0 0 0 0 0 0 -1 0 -1 0 0 -1 -1 0 -1 -1 0 0 -1 -1 -1 -1 -1 -1 -1 -1 -1 0 0 0 -1 0 0 -1 0 0 -1 -1 0 -1 -1 -1 -1 -1 -1 0 0 -1 0 -1 0 -1 0 0 0 -1 -1 0 -1 0 -1 0 -1 0 -1 0 -1 -1 -1 0 0 0 -1 -1 0 0 -1 0 0 -1 -1 -1 -1 0 0 -1 -1 -1 0 -1 0 0 0 -1 -1 0 0 0 -1 -1 0 0 -1 -1 0 -1 -1 -1 0 -1 0 0 -1 0 -1 -1 0 0 0 -1 0 -1 -1 0 0 -1
-1 0 0 -1 -1 -1 -1 0 -1 -1 0 -1 -1 0 -1 -1 -1 -1 0 -1 -1 -1 0 -1 -1 -1 -1 -1 0 -1 0 0 -1 -1 -1 -1 0 0 -1 0 -1 -1 -1 -1 -1 -1 -1 0 -1 -1 0 -1 -1 -1 -1 -1 -1 -1 0 -1 -1 -1 -1 0 -1 0 -1 -1 -1 -1 -1 0 -1 0 0 -1 0 -1 0 -1 -1 -1 0 0 -1 -1 -1 0 0 -1 0 0 -1 0 -1 -1 -1 -1 0 -1 0 -1 -1 -1 -1 0 0 -1 -1 -1 -1 -1 -1 0 -1 -1 -1 -1 0 -1 -1 0 0 -1 -1 0 0 0 0 0 0 -1 0 -1 0 0 -1 0 0 -1 0 0 0 -1 -1 -1 -1 0 -1 0
-1 -1 0 0 -1 -1 -1 -1 -1 -1 -1 0 -1 -1 0 0 -1 -1 -1 -1 0 -1 0 -1 -1 0 0 0 0 -1 -1 -1 0 0 -1 -1 -1 -1 0 -1 -1 0 -1 -1 0 -1 -1 0 -1 -1 -1 -1 -1 -1 0 0 -1 0 -1 -1 -1 -1 0 0 -1 0 -1 -1 0 0 -1 -1 -1 0 -1 0 0 -1 -1 -1 -1 -1 -1 0 0 0 -1 0 -1 0 -1 -1 0 -1 0 0 0 0 -1 -1 -1 -1 0 -1 -1 -1 -1 0 -1 -1 0 0 0 -1 -1 -1 -1 -1 -1 -1 -1 -1 0 -1 0 0 0 -1 0 0 0 -1 -1 -1 -1 -1 0 -1 0 -1 -1 -1 0 -1 0 0 0 -1 0 0
-1 -1 -1 0 -1 -1 -1 -1 0 -1 0 0 0 0 0 -1 -1 -1 0 -1 -1 -1 -1 0 -1 0 0 -1 -1 0 -1 -1 -1 -1 -1 0 -1 -1 -1 0 -1 0 0 0 -1 -1 -1 0 0 -1 -1 0 0 -1 0 -1 -1 -1 0 -1 0 0 -1 0 -1 -1 -1 -1 -1 -1 0 0 -1 -1 0 -1 0 -1 -1 -1 -1 0 -1 -1 0 -1 -1 -1 -1 0 -1 0 -1 -1 -1 0 -1 0 0 -1 -1 0 0 -1 -1 0 0 -1 -1 0 0 -1 0 0 0 0 -1 0 -1 -1 -1 -1 -1 0 0 -1 0 -1 -1 -1 -1 -1 0 0 0 0 -1 0 0 0 0 0 0 0 0 -1 0 -1 0 0
-1 -1 -1 -1 -1 -1 -1 0 -1 -1 0 -1 0 -1 0 0 0 0 -1 -1 0 -1 -1 -1 -1 0 0 -1 -1 0 -1 -1 -1 0 0 -1 -1 -1 0 -1 -1 -1 -1 -1 0 -1 -1 0 0 -1 -1 0 0 -1 0 -1 -1 -1 0 -1 -1 -1 -1 -1 0 0 -1 0 0 -1 -1 0 -1 -1 -1 0 -1 -1 0 -1 -1 -1 -1 -1 0 -1 -1 -1 -1 0 -1 -1 -1 -1 -1 -1 0 0 0 0 0 0 0 0 -1 -1 0 -1 -1 -1 0 -1 0 0 -1 -1 0 0 0 -1 0 0 0 0 0 0 -1 -1 0 -1 0 0 0 0 -1 0 0 -1 0 -1 -1 0 -1 0 0 0 0 0 -1 0
-1 0 0 0 -1 -1 0 0 0 -1 0 0 -1 0 0 -1 -1 0 0 -1 -1 0 -1 -1 -1 -1 -1 0 -1 0 0 0 -1 0 0 -1 0 0 -1 0 -1 -1 -1 0 -1 -1 -1 -1 -1 -1 0 0 -1 -1 -1 -1 0 -1 0 -1 -1 0 0 0 0 -1 0 0 0 0 0 0 0 -1 -1 0 -1 0 0 0 -1 -1 -1 -1 0 -1 -1 -1 0 0 0 0 0 0 0 -1 -1 -1 -1 -1 -1 -1 -1 0 -1 0 -1 -1 0 -1 -1 0 0 0 0 -1 -1 0 -1 0 -1 -1 -1 -1 0 0 -1 -1 -1 -1 -1 -1 0 0 -1 -1 -1 0 -1 -1 -1 -1 -1 0 -1 -1 -1 0 0 0
-1 -1 -1 0 -1 -1 0 -1 -1 -1 -1 0 0 0 -1 -1 0 -1 0 0 -1 0 0 0 0 -1 -1 -1 -1 0 -1 -1 0 0 0 -1 0 0 -1 -1 -1 -1 0 0 0 -1 0 0 -1 0 0 -1 -1 -1 0 0 -1 -1 -1 0 0 -1 -1 -1 -1 0 0 -1 0 -1 0 0 0 -1 -1 -1 0 0 -1 0 -1 -1 -1 -1 0 -1 -1 -1 -1 0 -1 -1 0 0 -1 -1 0 -1 -1 -1 0 -1 -1 0 0 -1 -1 0 -1 -1 -1 -1 -1 -1 0 -1 0 0 -1 0 -1 -1 0 0 -1 -1 0 -1 0 -1 0 0 0 0 -1 -1 0 -1 -1 -1 0 0 0 -1 0 0 0 -1 0 0
0 -1 0 -1 0 0 -1 -1 -1 -1 -1 -1 -1 0 0 -1 0 -1 0 -1 0 -1 -1 -1 -1 -1 -1 -1 0 -1 0 -1 -1 0 -1 -1 -1 -1 -1 -1 0 -1 -1 -1 0 0 0 -1 -1 0 -1 0 -1 -1 0 -1 -1 -1 -1 -1 0 0 -1 -1 -1 0 -1 0 -1 0 0 0 0 0 0 0 -1 -1 -1 -1 -1 -1 -1 -1 0 -1 0 0 0 -1 -1 -1 -1 0 -1 -1 -1 0 -1 0 -1 -1 0 -1 -1 0 -1 0 0 -1 -1 -1 -1 -1 0 -1 0 -1 0 0 -1 -1 0 0 0 0 0 0 -1 -1 0 -1 -1 0 0 0 -1 0 0 -1 0 0 -1 -1 0 -1 -1 0 0 0
-1 0 -1 -1 0 -1 0 -1 -1 0 -1 -1 0 -1 -1 0 0 0 -1 0 -1 -1 0 -1 -1 0 0 0 0 -1 -1 -1 -1 -1 -1 -1 0 -1 0 -1 -1 0 -1 0 0 -1 -1 -1 -1 -1 0 -1 0 0 0 0 -1 -1 -1 -1 -1 -1 0 0 -1 -1 -1 0 0 0 -1 0 0 0 -1 -1 -1 0 -1 -1 -1 0 0 -1 0 -1 0 -1 -1 -1 -1 0 0 -1 -1 0 -1 -1 0 -1 -1 0 -1 0 0 -1 -1 0 -1 0 -1 0 -1 -1 -1 0 -1 -1 0 -1 0 0 0 0 0 -1 0 0 -1 -1 -1 -1 0 -1 -1 -1 -1 0 -1 -1 0 0 -1 -1 -1 -1 -1 -1 0 -1
0 -1 -1 0 0 0 0 0 -1 0 -1 -1 -1 0 0 -1 0 -1 -1 0 0 0 -1 -1 -1 0 0 0 -1 0 -1 -1 0 -1 -1 -1 -1 0 0 0 0 -1 -1 -1 -1 0 0 -1 -1 0 0 0 -1 -1 -1 0 0 -1 -1 -1 0 0 0 0 -1 -1 0 -1 -1 -1 -1 -1 -1 -1 -1 0 -1 -1 0 -1 -1 -1 -1 -1 -1 -1 0 -1 -1 -1 -1 -1 -1 0 0 -1 -1 -1 -1 -1 -1 -1 0 0 0 0 0 -1 -1 -1 -1 0 -1 -1 0 -1 0 0 -1 -1 0 -1 -1 -1 -1 0 0 0 0 -1 -1 -1 0 0 -1 -1 -1 -1 0 -1 -1 0 -1 -1 0 0 0 0 -1 -1
-1 -1 -1 -1 -1 0 -1 -1 -1 -1 -1 -1 0 0 0 0 0 -1 0 -1 -1 -1 -1 -1 0 -1 0 -1 -1 -1 -1 0 -1 -1 0 -1 -1 0 0 -1 -1 -1 -1 0 -1 -1 -1 -1 -1 -1 -1 0 -1 0 -1 0 0 0 -1 -1 -1 -1 -1 0 -1 0 -1 0 0 -1 0 -1 0 0 -1 0 -1 0 -1 0 -1 0 -1 -1 0 0 -1 0 -1 -1 -1 -1 0 0 -1 -1 0 -1 0 0 -1 0 0 -1 -1 -1 0 -1 -1 -1 0 -1 -1 0 0 0 -1 -1 0 -1 0 -1 -1 -1 0 0 -1 -1 -1 0 -1 -1 -1 0 0 0 -1 0 0 0 -1 -1 -1 0 -1 -1 0 -1 0 -1
-1 -1 0 0 -1 -1 -1 -1 0 -1 -1 0 -1 -1 0 0 -1 -1 0 -1 0 -1 0 -1 0 -1 -1 -1 -1 -1 -1 -1 0 -1 -1 -1 -1 0 0 0 0 0 -1 -1 -1 0 -1 0 -1 0 -1 0 -1 0 -1 -1 0 -1 -1 -1 0 -1 -1 -1 0 0 -1 0 -1 -1 0 -1 -1 0 0 -1 -1 -1 0 0 -1 0 0 0 0 -1 -1 -1 0 -1 0 -1 -1 -1 -1 0 -1 -1 -1 -1 -1 -1 0 -1 -1 -1 0 0 -1 0 0 0 -1 -1 0 -1 -1 -1 0 -1 -1 -1 -1 0 -1 -1 -1 0 0 -1 0 -1 -1 -1 -1 0 -1 0 -1 -1 0 -1 -1 -1 -1 0 0 0 -1 0
-1 -1 -1 -1 -1 -1 -1 -1 0 -1 -1 0 -1 0 -1 -1 0 0 -1 -1 -1 -1 -1 -1 0 -1 -1 0 -1 -1 -1 -1 -1 -1 -1 -1 -1 -1 -1 0 0 -1 -1 0 -1 -1 0 0 0 0 -1 -1 -1 -1 -1 0 -1 0 0 0 0 0 -1 -1 -1 -1 0 -1 0 -1 -1 0 -1 0 -1 0 -1 0 -1 0 0 -1 -1 0 0 -1 0 0 -1 0 0 -1 -1 0 -1 -1 -1 0 -1 0 -1 -1 -1 0 0 0 -1 0 -1 -1 0 0 0 -1 0 -1 0 -1 -1 0 0 0 -1 0 -1 -1 0 -1 0 0 -1 0 0 0 -1 -1 -1 0 -1 -1 -1 -1 0 -1 0 -1 0 -1 -1 0
0 0 0 0 -1 -1 -1 -1 0 0 -1 -1 0 0 -1 -1 0 -1 0 -1 0 0 0 -1 -1 -1 -1 0 0 -1 -1 -1 0 -1 0 0 0 0 -1 -1 -1 -1 -1 0 -1 -1 -1 0 0 -1 -1 -1 0 0 0 -1 -1 -1 -1 -1 -1 -1 0 -1 -1 -1 0 -1 0 0 0 0 -1 -1 0 -1 -1 0 -1 -1 0 0 0 -1 -1 0 -1 0 -1 0 -1 -1 0 0 -1 0 -1 -1 -1 -1 0 -1 0 0 0 0 0 -1 0 0 -1 -1 -1 -1 -1 0 0 -1 0 0 -1 -1 0 0 0 -1 0 0 -1 -1 -1 -1 0 -1 0 -1 -1 -1 0 -1 0 0 -1 -1 -1 0 0 0 0 0
0 -1 0 -1 -1 -1 -1 -1 -1 -1 -1 0 -1 -1 0 -1 0 -1 0 -1 -1 0 -1 0 0 -1 0 0 0 -1 -1 0 -1 0 0 -1 0 -1 0 0 0 0 -1 -1 -1 0 -1 -1 -1 -1 -1 0 0 -1 0 -1 -1 -1 -1 -1 -1 -1 0 0 -1 -1 0 0 -1 -1 0 0 0 0 -1 -1 0 0 0 0 -1 -1 0 -1 0 0 -1 0 -1 -1 -1 0 -1 0 0 0 0 -1 0 -1 -1 -1 -1 -1 0 -1 -1 -1 -1 -1 -1 0 -1 0 -1 -1 -1 0 -1 0 -1 0 0 0 -1 -1 -1 -1 0 -1 0 -1 -1 -1 -1 -1 -1 -1 0 -1 -1 -1 -1 -1 -1 0 0 -1 -1 -1
-1 -1 0 -1 -1 0 0 -1 0 0 0 -1 -1 0 0 0 0 0 0 -1 -1 -1 0 0 0 -1 0 -1 -1 -1 -1 0 -1 -1 -1 -1 -1 0 0 0 -1 -1 0 0 -1 0 -1 0 0 -1 0 -1 -1 -1 0 0 -1 0 -1 -1 -1 0 0 -1 0 -1 0 -1 -1 0 0 -1 -1 -1 0 -1 0 0 -1 0 -1 0 0 0 -1 -1 -1 0 -1 -1 0 -1 -1 -1 -1 -1 -1 0 0 -1 0 0 -1 0 -1 -1 -1 -1 0 -1 -1 0 0 0 -1 -1 0 0 -1 -1 0 -1 -1 -1 -1 0 -1 0 -1 -1 -1 -1 -1 0 0 0 -1 -1 -1 -1 -1 -1 0 0 -1 -1 -1 -1 0 -1
-1 -1 -1 -1 0 0 0 -1 -1 -1 0 -1 0 -1 -1 -1 0 -1 -1 -1 0 -1 -1 -1 0 -1 -1 -1 0 -1 -1 -1 0 -1 -1 0 0 0 -1 -1 -1 -1 -1 -1 -1 0 -1 -1 0 0 -1 -1 0 -1 -1 -1 -1 -1 0 0 -1 -1 -1 0 -1 0 -1 -1 0 0 0 -1 0 -1 -1 -1 -1 0 -1 0 0 0 -1 0 -1 -1 0 0 0 -1 0 0 -1 -1 0 -1 -1 -1 -1 -1 -1 0 -1 -1 -1 0 -1 0 0 -1 -1 0 -1 0 -1 -1 -1 0 0 0 -1 0 -1 0 -1 -1 -1 -1 -1 -1 -1 -1 0 -1 -1 -1 0 0 0 -1 0 -1 -1 0 -1 -1 0 -1 0 -1
-1 0 0 -1 -1 0 -1 -1 -1 0 -1 0 -1 -1 -1 0 -1 -1 -1 0 0 -1 0 0 0 0 0 0 -1 -1 -1 0 0 -1 -1 0 -1 -1 -1 -1 0 0 -1 -1 0 0 0 -1 -1 0 -1 -1 -1 -1 -1 -1 0 0 -1 -1 0 -1 0 -1 -1 -1 0 0 -1 -1 -1 -1 -1 -1 0 0 -1 0 -1 0 -1 -1 -1 -1 -1 -1 -1 -1 -1 -1 -1 -1 -1 -1 0 -1 -1 -1 -1 0 0 -1 0 -1 0 -1 0 -1 -1 0 -1 -1 -1 -1 0 -1 0 -1 -1 -1 0 -1 -1 -1 -1 -1 -1 -1 -1 0 -1 -1 0 -1 0 -1 -1 -1 0 -1 -1 -1 -1 0 0 -1 -1 0 0 -1
-1 -1 -1 -1 -1 0 0 0 -1 0 -1 0 0 0 -1 -1 0 -1 0 -1 0 -1 0 0 -1 0 -1 -1 0 -1 0 -1 -1 0 0 -1 -1 0 -1 -1 -1 0 -1 -1 -1 0 0 0 -1 -1 0 0 -1 -1 0 -1 -1 -1 -1 -1 -1 -1 -1 -1 0 -1 -1 -1 0 0 -1 0 0 -1 0 -1 0 -1 0 0 -1 0 0 -1 -1 0 -1 -1 0 -1 0 -1 -1 -1 -1 0 -1 -1 -1 -1 -1 -1 -1 -1 -1 -1 -1 -1 -1 -1 -1 0 -1 -1 0 0 -1 -1 -1 0 -1 -1 -1 0 -1 -1 0 -1 0 -1 0 0 0 0 0 -1 0 -1 0 -1 -1 -1 0 -1 -1 0 -1 0 -1 0
-1 -1 -1 -1 -1 0 -1 -1 0 -1 0 0 -1 0 -1 -1 0 -1 -1 -1 0 0 -1 0 0 -1 -1 -1 0 0 0 -1 -1 -1 -1 -1 -1 -1 0 -1 -1 -1 0 -1 -1 0 -1 0 0 0 0 -1 -1 0 -1 0 -1 -1 -1 0 0 -1 -1 -1 0 -1 -1 -1 -1 -1 -1 -1 0 -1 0 -1 -1 0 -1 0 0 -1 -1 -1 -1 -1 -1 0 0 -1 -1 0 0 0 0 -1 0 0 0 -1 -1 -1 -1 -1 0 -1 -1 -1 -1 0 -1 -1 -1 0 -1 0 -1 -1 -1 -1 -1 0 -1 0 -1 -1 -1 -1 -1 0 0 -1 -1 -1 0 0 0 -1 -1 -1 -1 -1 0 -1 0 -1 -1 0 -1 0
-1 0 0 -1 -1 -1 0 0 0 -1 0 0 -1 -1 0 0 -1 -1 0 -1 0 0 -1 -1 -1 0 0 -1 -1 -1 -1 -1 -1 -1 -1 0 0 0 -1 -1 -1 -1 -1 -1 0 -1 -1 -1 0 0 -1 0 -1 0 -1 -1 0 0 -1 0 -1 0 -1 0 0 -1 -1 0 -1 -1 0 -1 0 -1 0 0 0 -1 0 0 0 -1 -1 0 -1 -1 0 -1 -1 -1 0 -1 -1 -1 0 -1 -1 -1 -1 -1 -1 -1 0 0 -1 -1 -1 -1 -1 -1 -1 0 0 -1 0 -1 0 -1 0 -1 0 -1 -1 -1 0 -1 0 -1 0 -1 0 0 -1 0 0 -1 -1 0 0 0 0 0 0 -1 -1 -1 0 -1 -1 0
0 0 0 -1 0 -1 0 -1 0 0 0 -1 -1 -1 -1 -1 -1 -1 -1 0 0 -1 -1 -1 0 -1 -1 0 0 0 -1 -1 0 -1 0 -1 0 -1 -1 0 -1 -1 0 -1 -1 0 0 -1 -1 -1 -1 0 -1 -1 -1 -1 -1 0 0 -1 0 -1 -1 -1 -1 -1 -1 -1 -1 -1 0 -1 -1 0 0 0 0 0 0 -1 0 0 -1 -1 0 -1 0 -1 -1 0 0 0 -1 -1 -1 -1 -1 0 -1 -1 -1 0 -1 -1 -1 0 0 -1 -1 0 -1 -1 -1 0 -1 -1 -1 -1 -1 0 -1 0 -1 -1 -1 0 -1 -1 0 0 -1 -1 -1 0 0 0 -1 -1 -1 -1 0 -1 0 0 -1 0 -1 0 -1 0
0 -1 0 -1 -1 0 0 0 -1 -1 -1 -1 -1 -1 0 -1 -1 -1 -1 -1 -1 -1 0 -1 0 -1 -1 0 0 0 0 0 0 -1 -1 0 0 -1 -1 -1 0 0 -1 -1 0 -1 0 -1 -1 -1 0 0 -1 -1 0 -1 -1 -1 -1 -1 -1 -1 -1 -1 -1 0 -1 -1 -1 0 -1 -1 0 0 -1 0 -1 -1 -1 0 0 -1 -1 0 0 0 -1 -1 0 0 -1 -1 -1 -1 0 -1 -1 -1 -1 -1 -1 -1 -1 0 -1 0 -1 0 -1 -1 -1 -1 -1 -1 -1 -1 0 0 -1 -1 -1 0 -1 0 0 -1 0 0 -1 0 0 -1 -1 0 -1 0 -1 0 -1 -1 0 -1 -1 0 0 -1 0 -1 0 -1
-1 -1 -1 -1 -1 0 -1 -1 -1 -1 -1 -1 0 -1 -1 -1 -1 -1 -1 0 0 -1 -1 -1 0 0 0 -1 0 0 -1 -1 -1 -1 -1 0 0 -1 -1 0 0 -1 -1 0 0 -1 0 -1 -1 0 0 0 -1 -1 0 -1 -1 0 -1 0 -1 -1 -1 -1 0 0 -1 0 -1 -1 -1 -1 -1 0 -1 -1 0 -1 -1 0 -1 -1 0 0 0 -1 -1 0 -1 -1 -1 -1 0 -1 0 0 -1 -1 0 -1 0 0 0 0 -1 -1 0 -1 -1 -1 -1 -1 0 0 -1 0 -1 0 -1 -1 -1 -1 0 0 -1 -1 -1 -1 -1 0 -1 0 0 0 0 -1 0 -1 -1 -1 -1 0 -1 0 0 -1 0 -1 0 0
-1 0 -1 -1 0 -1 0 -1 -1 -1 -1 0 -1 0 0 -1 0 -1 0 0 0 -1 -1 -1 -1 -1 -1 -1 0 0 0 -1 -1 0 0 -1 0 -1 -1 0 -1 -1 -1 0 0 0 -1 0 -1 -1 -1 0 -1 -1 -1 -1 0 0 -1 -1 -1 -1 -1 -1 -1 -1 -1 -1 -1 -1 -1 -1 -1 -1 0 -1 0 -1 0 0 0 0 -1 -1 -1 -1 -1 -1 -1 -1 -1 -1 0 -1 0 -1 -1 -1 0 -1 0 0 -1 -1 -1 -1 0 -1 0 0 -1 -1 -1 -1 0 0 0 -1 -1 -1 -1 0 0 -1 0 0 0 -1 -1 0 0 -1 -1 -1 0 -1 0 -1 0 -1 0 -1 0 -1 -1 0 -1 0 0 -1
-1 0 -1 -1 -1 -1 0 0 0 -1 0 0 0 -1 -1 0 -1 -1 -1 0 -1 -1 0 -1 -1 -1 -1 -1 -1 0 -1 0 -1 0 -1 0 0 0 -1 0 -1 -1 -1 0 -1 0 0 -1 -1 0 -1 0 -1 0 -1 0 -1 -1 -1 0 0 -1 0 -1 -1 -1 -1 -1 -1 0 -1 -1 -1 -1 -1 -1 -1 0 -1 0 -1 -1 -1 0 0 -1 -1 -1 -1 -1 0 -1 -1 -1 -1 -1 0 0 0 -1 -1 -1 -1 0 -1 0 -1 -1 -1 0 0 -1 0 -1 0 0 -1 0 -1 -1 -1 0 -1 0 -1 -1 0 -1 -1 -1 0 -1 0 -1 -1 -1 0 0 -1 -1 -1 -1 -1 0 -1 -1 -1 -1 0 -1
-1 0 0 0 -1 0 -1 -1 -1 0 0 -1 -1 -1 -1 0 -1 -1 -1 -1 -1 -1 -1 -1 -1 0 -1 0 -1 0 -1 -1 -1 -1 0 -1 0 0 -1 0 0 -1 0 0 0 0 0 0 -1 -1 0 -1 -1 0 0 -1 -1 -1 0 -1 -1 -1 -1 0 0 0 -1 0 -1 0 0 -1 0 -1 -1 0 -1 0 -1 -1 -1 -1 -1 0 -1 0 0 -1 0 -1 -1 0 0 -1 0 -1 0 -1 0 -1 -1 -1 -1 0 -1 -1 0 0 -1 0 -1 0 0 -1 -1 0 -1 0 0 -1 -1 0 0 -1 0 -1 0 -1 -1 0 0 0 -1 -1 -1 -1 0 0 -1 -1 0 0 -1 -1 0 0 0 -1 -1 -1
-1 0 -1 -1 0 0 -1 -1 0 -1 -1 -1 -1 0 -1 -1 0 -1 0 -1 -1 0 -1 0 -1 -1 0 0 -1 0 -1 -1 -1 -1 0 -1 0 -1 -1 -1 0 -1 -1 0 -1 0 -1 -1 -1 0 0 0 -1 -1 -1 -1 -1 0 0 -1 -1 -1 -1 0 -1 -1 -1 -1 -1 -1 -1 -1 -1 -1 -1 -1 -1 0 0 0 -1 0 -1 -1 -1 0 -1 -1 -1 -1 -1 0 0 -1 0 -1 0 -1 0 0 -1 -1 -1 -1 0 -1 0 0 0 -1 0 -1 -1 -1 -1 -1 -1 0 -1 -1 -1 -1 0 -1 0 -1 0 -1 0 -1 0 -1 -1 -1 0 0 0 -1 -1 -1 -1 -1 0 -1 0 -1 0 -1 -1 -1
-1 0 -1 -1 -1 0 0 0 0 -1 0 0 -1 -1 -1 -1 0 -1 0 -1 -1 -1 -1 0 -1 0 -1 -1 -1 -1 0 -1 0 -1 0 0 -1 -1 0 -1 -1 0 0 -1 -1 0 -1 -1 0 -1 -1 0 0 -1 -1 -1 0 -1 -1 0 0 -1 0 -1 -1 0 -1 0 0 0 -1 -1 0 -1 0 -1 -1 0 -1 -1 -1 0 0 -1 -1 -1 0 0 0 -1 -1 -1 -1 -1 0 0 -1 0 0 -1 0 -1 -1 0 -1 0 -1 -1 0 -1 -1 -1 -1 -1 -1 -1 -1 -1 -1 -1 -1 -1 0 -1 -1 -1 -1 0 -1 0 -1 0 0 0 -1 -1 0 0 -1 0 -1 0 -1 -1 0 -1 -1 0 0 -1
0 -1 0 0 -1 -1 -1 0 -1 -1 0 -1 0 0 0 0 -1 0 -1 0 0 -1 0 0 0 -1 -1 -1 -1 -1 -1 -1 -1 -1 0 -1 -1 -1 0 -1 0 -1 -1 0 -1 -1 0 -1 -1 0 -1 -1 -1 -1 -1 0 0 -1 -1 0 0 0 0 -1 -1 -1 -1 -1 -1 0 -1 0 -1 0 -1 0 -1 -1 -1 -1 -1 -1 -1 0 0 0 0 0 -1 0 0 0 0 -1 0 -1 -1 0 -1 0 0 -1 -1 -1 -1 0 -1 0 0 -1 -1 0 0 -1 -1 -1 -1 -1 -1 -1 -1 0 -1 -1 0 -1 -1 -1 0 0 0 0 -1 0 -1 -1 0 -1 0 -1 0 0 0 0 0 -1 0 -1 -1 0
-1 -1 -1 0 -1 -1 -1 -1 -1 -1 -1 0 0 -1 0 0 -1 0 -1 -1 0 0 -1 -1 -1 0 -1 -1 0 0 0 -1 -1 0 -1 -1 0 -1 0 -1 0 -1 -1 0 0 0 -1 -1 0 0 -1 -1 -1 -1 0 -1 -1 -1 -1 -1 -1 0 -1 -1 0 0 -1 -1 0 0 -1 0 0 -1 0 -1 0 -1 0 -1 0 0 -1 0 -1 0 0 -1 -1 -1 0 -1 -1 -1 -1 0 -1 -1 -1 -1 0 0 0 -1 -1 -1 -1 -1 0 0 0 -1 -1 0 0 -1 -1 0 0 -1 0 -1 -1 -1 0 -1 -1 0 -1 0 0 -1 -1 -1 -1 0 -1 -1 -1 -1 0 -1 0 -1 -1 -1 0 -1 0 -1
0 -1 0 -1 -1 -1 0 0 -1 -1 0 0 0 0 -1 -1 -1 -1 0 -1 -1 0 0 0 -1 -1 -1 -1 0 0 0 0 -1 -1 -1 -1 0 0 -1 -1 0 0 -1 -1 0 -1 0 -1 -1 -1 -1 0 -1 0 -1 0 -1 0 -1 -1 -1 -1 0 0 0 -1 0 0 -1 -1 0 -1 -1 0 -1 -1 0 -1 -1 0 -1 0 0 0 -1 -1 0 -1 0 -1 0 -1 -1 -1 0 -1 -1 0 -1 0 0 -1 0 -1 0 0 0 0 0 -1 0 0 0 0 -1 0 -1 -1 -1 -1 0 -1 -1 -1 0 0 0 0 -1 0 -1 -1 -1 0 0 -1 0 0 -1 0 0 -1 -1 -1 -1 -1 -1 0 0 0
0 -1 -1 -1 -1 -1 0 0 -1 -1 0 -1 -1 -1 -1 0 0 -1 0 -1 0 0 0 0 0 0 -1 0 -1 0 0 0 0 -1 0 -1 -1 0 0 0 0 -1 -1 0 0 -1 0 0 0 -1 -1 -1 -1 -1 0 -1 -1 0 0 -1 -1 -1 0 -1 0 0 0 0 0 -1 -1 -1 -1 0 -1 -1 0 -1 0 -1 -1 0 -1 -1 0 -1 -1 -1 -1 0 -1 0 -1 -1 0 -1 -1 -1 0 0 0 -1 0 0 0 0 -1 0 0 -1 -1 -1 -1 0 0 -1 0 0 0 0 0 -1 0 0 -1 0 -1 -1 -1 0 0 -1 0 -1 0 0 -1 0 -1 0 0 -1 0 -1 -1 0 -1 0 0 -1
-1 0 0 0 0 0 0 0 -1 -1 0 -1 -1 -1 0 -1 0 0 -1 0 0 -1 -1 -1 -1 -1 -1 -1 0 0 0 -1 0 -1 0 -1 0 -1 0 0 -1 -1 -1 0 0 -1 0 0 -1 -1 0 0 -1 0 -1 -1 -1 0 0 -1 -1 -1 0 -1 -1 -1 0 0 0 -1 0 -1 0 -1 0 0 0 0 0 -1 -1 0 0 -1 0 0 0 -1 -1 -1 0 0 -1 -1 -1 -1 -1 0 -1 -1 -1 -1 -1 0 -1 -1 0 0 -1 -1 -1 -1 -1 -1 0 -1 0 -1 0 0 0 0 -1 0 -1 -1 -1 -1 -1 0 -1 -1 0 -1 -1 -1 -1 0 -1 -1 0 -1 -1 0 -1 -1 -1 -1 -1 0
-1 0 -1 0 0 -1 0 -1 0 -1 0 -1 -1 0 0 0 -1 -1 0 -1 -1 0 0 -1 0 0 0 -1 0 -1 -1 -1 0 -1 -1 -1 -1 -1 -1 -1 -1 -1 -1 -1 -1 -1 -1 0 0 0 -1 0 -1 -1 -1 0 -1 -1 -1 -1 0 -1 0 0 -1 0 0 0 0 -1 0 -1 -1 -1 0 0 0 -1 0 -1 0 0 -1 0 0 0 0 -1 -1 0 -1 -1 0 0 -1 0 -1 0 -1 0 -1 -1 -1 -1 0 0 0 0 0 0 -1 0 0 0 -1 0 0 -1 -1 0 0 -1 -1 -1 -1 -1 0 -1 -1 0 -1 0 -1 0 -1 -1 0 0 -1 0 0 -1 -1 -1 -1 0 -1 0 -1 -1
-1 -1 -1 0 0 0 -1 0 -1 -1 -1 -1 0 -1 -1 -1 0 -1 0 -1 -1 0 -1 0 0 -1 -1 -1 -1 0 0 0 -1 -1 -1 -1 -1 -1 0 0 0 0 -1 -1 0 -1 0 0 -1 -1 -1 0 0 -1 -1 0 -1 -1 0 -1 0 -1 -1 -1 -1 -1 -1 -1 0 0 -1 -1 -1 0 0 -1 0 0 0 -1 0 -1 0 -1 -1 0 -1 -1 0 0 0 0 -1 0 -1 0 0 0 -1 0 0 -1 -1 -1 -1 0 -1 0 -1 0 -1 0 -1 -1 -1 -1 -1 -1 -1 -1 -1 0 -1 -1 0 0 0 -1 -1 -1 -1 -1 -1 0 -1 -1 -1 -1 0 -1 -1 -1 0 -1 -1 -1 -1 -1 -1 -1
-1 0 0 -1 -1 -1 -1 -1 0 0 0 0 -1 -1 -1 -1 0 0 -1 -1 -1 0 -1 -1 -1 0 0 -1 -1 -1 -1 -1 -1 0 -1 -1 0 -1 -1 0 -1 -1 0 0 -1 -1 0 0 0 -1 -1 0 -1 -1 0 0 -1 -1 -1 0 -1 -1 -1 -1 -1 -1 0 0 -1 -1 0 -1 -1 -1 -1 0 -1 -1 -1 -1 -1 -1 -1 -1 -1 0 -1 0 0 -1 0 -1 -1 0 -1 0 0 0 -1 -1 -1 -1 0 -1 -1 -1 -1 -1 0 -1 -1 -1 -1 -1 0 -1 -1 0 0 0 0 0 -1 0 0 -1 -1 -1 -1 -1 -1 0 -1 -1 -1 -1 -1 -1 -1 -1 -1 -1 -1 0 -1 0 -1 -1 -1 0
-1 0 0 -1 -1 -1 0 -1 0 -1 0 -1 0 -1 -1 -1 0 -1 -1 -1 -1 -1 0 -1 -1 -1 -1 -1 -1 -1 0 0 0 -1 0 -1 -1 -1 -1 -1 -1 -1 0 -1 -1 0 0 -1 -1 0 0 0 -1 -1 -1 -1 0 -1 0 0 0 0 -1 -1 -1 0 0 -1 0 0 -1 -1 -1 -1 -1 0 -1 -1 0 0 -1 -1 -1 -1 -1 -1 0 -1 -1 0 -1 0 -1 0 -1 0 -1 -1 -1 -1 -1 0 -1 0 -1 -1 -1 -1 0 0 -1 -1 0 0 -1 0 0 -1 -1 0 -1 -1 0 0 -1 -1 0 0 -1 -1 0 0 0 0 0 -1 -1 0 -1 -1 -1 0 -1 -1 -1 -1 -1 -1 -1 -1
-1 -1 -1 -1 -1 0 -1 0 -1 0 0 -1 -1 -1 -1 0 0 0 -1 -1 0 -1 0 0 -1 0 -1 -1 -1 -1 0 0 -1 -1 -1 -1 -1 -1 -1 0 -1 0 -1 -1 0 -1 -1 0 0 0 0 0 -1 -1 -1 -1 -1 -1 -1 -1 -1 -1 -1 -1 -1 -1 -1 -1 0 -1 0 -1 -1 -1 -1 -1 0 -1 -1 -1 -1 0 -1 0 -1 -1 0 0 0 -1 0 -1 -1 -1 -1 -1 -1 -1 0 -1 0 -1 0 -1 -1 0 0 0 0 -1 -1 0 -1 -1 -1 0 -1 0 0 -1 0 -1 -1 -1 0 0 0 0 -1 0 -1 -1 0 -1 -1 0 -1 0 0 0 0 -1 0 -1 -1 0 0 -1 0 0
-1 -1 0 0 -1 -1 -1 0 -1 -1 -1 0 -1 -1 -1 0 -1 -1 0 0 -1 -1 -1 0 -1 -1 -1 0 0 0 -1 -1 -1 0 0 -1 0 0 -1 -1 -1 0 0 0 -1 0 0 0 -1 0 -1 0 -1 -1 0 -1 -1 -1 -1 -1 -1 -1 -1 -1 -1 -1 0 -1 0 -1 -1 -1 -1 0 -1 -1 -1 -1 0 -1 -1 -1 0 0 -1 0 -1 -1 0 -1 -1 -1 -1 -1 -1 0 -1 0 0 0 0 -1 0 -1 0 0 -1 0 0 0 -1 -1 -1 -1 0 0 -1 -1 -1 -1 0 0 -1 -1 0 0 -1 -1 0 -1 0 -1 -1 -1 0 -1 -1 -1 0 -1 -1 -1 0 0 -1 0 -1 -1 -1 -1
-1 -1 -1 0 0 -1 -1 -1 0 0 0 -1 0 -1 -1 0 -1 -1 -1 0 -1 -1 -1 -1 -1 0 0 0 -1 0 -1 0 0 -1 -1 0 0 -1 0 -1 -1 -1 -1 -1 0 0 -1 -1 0 0 -1 -1 -1 -1 -1 -1 0 -1 0 0 -1 0 0 -1 0 -1 -1 -1 -1 0 0 -1 0 -1 -1 0 -1 0 0 -1 0 0 0 -1 -1 -1 -1 0 0 -1 -1 -1 0 -1 -1 0 -1 0 0 -1 0 -1 -1 -1 0 -1 0 0 -1 0 0 -1 -1 0 -1 -1 -1 0 -1 0 -1 0 0 0 -1 -1 -1 0 -1 -1 -1 0 0 0 0 -1 0 -1 -1 -1 0 0 -1 -1 -1 -1 0 0 -1 0
0 -1 -1 -1 -1 -1 -1 0 0 -1 0 -1 -1 -1 0 0 0 -1 -1 -1 0 -1 -1 -1 -1 0 -1 0 -1 0 -1 -1 0 0 -1 0 -1 -1 0 -1 -1 0 -1 0 -1 -1 -1 0 -1 -1 0 -1 0 0 0 -1 -1 -1 -1 0 -1 -1 -1 0 -1 -1 0 0 -1 0 -1 -1 -1 0 -1 -1 0 0 -1 -1 -1 -1 0 0 -1 0 0 -1 -1 0 -1 -1 0 -1 -1 0 -1 -1 -1 0 -1 -1 0 -1 0 -1 -1 0 -1 -1 -1 -1 0 -1 -1 -1 -1 -1 0 -1 -1 0 -1 -1 0 -1 -1 0 -1 -1 -1 0 0 0 -1 -1 0 -1 -1 0 0 -1 -1 -1 -1 -1 -1 0 -1 -1
-1 -1 -1 -1 -1 -1 -1 -1 -1 -1 0 -1 0 0 -1 -1 0 0 -1 0 -1 0 -1 0 -1 -1 -1 -1 -1 -1 0 0 -1 0 0 0 0 -1 -1 -1 -1 -1 0 -1 0 -1 0 -1 -1 0 0 -1 -1 -1 -1 -1 -1 -1 0 -1 -1 0 0 -1 0 -1 0 -1 -1 -1 -1 -1 -1 -1 -1 -1 -1 0 0 -1 0 0 0 0 -1 -1 0 -1 0 0 -1 -1 -1 -1 -1 -1 -1 -1 -1 -1 -1 -1 -1 0 0 -1 0 -1 -1 0 0 0 -1 0 0 -1 -1 0 0 0 0 0 -1 -1 0 -1 0 0 -1 -1 0 -1 0 -1 0 -1 -1 -1 -1 0 -1 -1 -1 -1 0 -1 0 0 0 0
0 -1 -1 -1 -1 -1 0 0 0 -1 0 -1 0 0 0 -1 -1 -1 -1 -1 0 -1 0 0 -1 -1 0 -1 -1 -1 -1 -1 0 -1 0 0 -1 0 -1 -1 0 -1 -1 0 0 -1 -1 -1 -1 -1 0 -1 0 -1 -1 -1 0 -1 0 0 -1 0 0 -1 -1 -1 -1 -1 -1 0 -1 0 0 -1 -1 0 -1 0 0 -1 -1 0 0 0 0 -1 -1 0 -1 -1 0 -1 -1 0 0 -1 0 -1 0 -1 -1 0 0 -1 -1 0 -1 -1 -1 -1 -1 -1 0 -1 -1 -1 -1 -1 0 -1 0 -1 0 0 -1 -1 0 -1 0 0 -1 0 -1 -1 0 0 0 -1 0 0 -1 -1 -1 0 0 -1 0 0 0 -1
0 -1 0 0 0 -1 0 0 -1 -1 -1 -1 0 -1 -1 -1 -1 -1 -1 -1 -1 0 -1 -1 -1 0 -1 0 -1 0 0 -1 -1 -1 -1 -1 0 -1 -1 -1 0 0 -1 0 0 -1 -1 -1 -1 -1 -1 -1 0 0 -1 0 -1 0 -1 -1 -1 -1 -1 0 0 0 -1 -1 0 -1 0 -1 -1 -1 -1 -1 0 -1 0 -1 0 -1 0 -1 0 -1 -1 -1 0 0 0 -1 0 0 0 -1 0 0 -1 -1 0 0 -1 -1 -1 -1 0 0 -1 -1 0 -1 0 -1 0 0 -1 -1 -1 -1 -1 -1 -1 -1 -1 -1 -1 0 -1 -1 0 -1 -1 0 0 -1 -1 -1 -1 0 0 0 -1 -1 -1 0 -1 0 -1 -1
-1 0 -1 -1 -1 -1 0 -1 0 -1 0 -1 0 -1 0 -1 -1 -1 -1 -1 0 -1 0 -1 0 -1 -1 -1 -1 0 -1 0 0 -1 -1 -1 0 -1 -1 -1 -1 -1 -1 0 -1 -1 0 -1 0 0 -1 -1 0 0 0 0 -1 0 0 -1 -1 0 -1 -1 0 -1 0 -1 -1 -1 -1 0 -1 -1 -1 0 0 -1 -1 -1 0 0 -1 -1 0 0 -1 -1 -1 -1 -1 0 -1 -1 0 -1 -1 -1 0 -1 0 -1 -1 -1 -1 0 0 0 0 -1 -1 0 0 -1 -1 0 0 -1 -1 0 0 -1 0 0 0 0 0 -1 -1 -1 0 0 -1 -1 -1 -1 -1 -1 0 -1 0 0 -1 -1 -1 -1 0 -1 0 -1
-1 0 -1 0 0 0 -1 0 -1 -1 -1 0 0 -1 -1 -1 -1 -1 0 -1 -1 0 -1 0 -1 -1 -1 -1 -1 -1 -1 -1 0 -1 -1 0 -1 -1 0 -1 -1 0 0 -1 -1 -1 0 0 0 0 -1 0 -1 0 0 -1 0 0 -1 -1 -1 0 -1 -1 -1 -1 0 0 -1 -1 0 0 0 0 -1 -1 0 0 -1 0 -1 0 -1 -1 0 0 0 -1 0 0 -1 0 -1 0 -1 -1 -1 -1 0 0 -1 0 0 -1 -1 -1 0 0 -1 -1 0 -1 -1 0 -1 0 0 -1 -1 -1 -1 -1 -1 -1 -1 0 0 -1 0 0 -1 0 -1 0 -1 0 0 -1 -1 -1 0 0 -1 0 -1 -1 0 0 -1 -1
-1 -1 0 -1 0 0 -1 -1 -1 -1 -1 -1 -1 -1 -1 -1 -1 -1 -1 -1 -1 -1 -1 -1 -1 -1 -1 -1 -1 0 -1 0 -1 -1 0 -1 -1 0 0 0 -1 -1 -1 0 -1 -1 0 -1 0 -1 -1 0 -1 0 -1 -1 -1 -1 -1 -1 0 -1 -1 -1 0 0 -1 -1 0 -1 0 -1 0 0 0 0 -1 -1 0 0 0 0 -1 -1 -1 0 -1 -1 -1 -1 -1 -1 -1 0 0 -1 -1 -1 0 0 -1 0 -1 0 0 -1 0 -1 -1 -1 -1 -1 0 -1 0 0 -1 -1 -1 0 -1 -1 -1 -1 -1 -1 0 -1 0 0 -1 0 -1 -1 0 -1 0 -1 -1 -1 -1 -1 -1 -1 0 -1 -1 -1 -1 -1
0 -1 0 0 0 -1 -1 0 -1 -1 0 0 -1 0 0 0 -1 -1 -1 -1 -1 0 0 -1 -1 -1 0 0 0 -1 -1 -1 -1 -1 -1 -1 -1 0 -1 0 -1 0 0 -1 0 0 -1 0 0 -1 -1 0 -1 0 -1 0 0 0 0 0 -1 0 0 -1 -1 0 -1 -1 -1 0 -1 0 0 -1 -1 -1 -1 -1 0 0 0 -1 0 -1 -1 -1 -1 -1 -1 -1 -1 -1 -1 0 -1 -1 -1 -1 0 -1 0 0 -1 -1 0 -1 0 -1 0 -1 0 0 0 -1 -1 -1 -1 0 0 -1 -1 -1 -1 -1 -1 0 -1 -1 0 -1 0 -1 0 -1 0 0 -1 -1 -1 -1 -1 -1 -1 0 -1 -1 0 0 -1 -1
-1 -1 -1 0 -1 0 -1 -1 -1 0 0 -1 0 0 0 -1 0 0 -1 -1 -1 -1 -1 0 -1 0 0 0 -1 -1 -1 -1 0 -1 -1 -1 -1 -1 -1 -1 -1 0 0 0 -1 -1 -1 0 -1 -1 -1 -1 -1 -1 -1 -1 -1 -1 -1 -1 -1 -1 0 0 0 0 0 -1 0 -1 0 0 -1 -1 -1 -1 0 -1 -1 0 0 -1 -1 -1 -1 0 0 -1 -1 0 -1 -1 -1 -1 0 0 -1 -1 -1 0 0 -1 -1 -1 0 -1 0 -1 0 0 -1 0 -1 0 -1 -1 -1 0 -1 -1 -1 -1 -1 0 -1 0 -1 -1 -1 -1 -1 0 -1 0 -1 -1 -1 -1 -1 0 0 0 -1 -1 -1 -1 -1 -1 -1 -1
0 0 -1 0 -1 -1 0 0 -1 -1 -1 0 -1 0 -1 0 -1 -1 0 0 -1 -1 0 -1 -1 -1 -1 0 -1 -1 -1 0 0 -1 -1 -1 0 0 -1 -1 -1 -1 0 -1 0 -1 0 -1 0 0 -1 -1 0 -1 -1 0 0 -1 0 -1 -1 0 -1 0 0 -1 -1 -1 -1 0 -1 -1 -1 -1 0 0 0 -1 -1 -1 0 -1 -1 -1 0 0 -1 -1 -1 -1 -1 0 -1 0 -1 0 -1 -1 -1 -1 -1 -1 0 -1 0 0 0 -1 0 0 0 -1 0 0 0 0 -1 0 0 0 0 -1 -1 -1 -1 0 -1 0 -1 0 0 -1 -1 -1 -1 -1 -1 0 0 -1 0 0 -1 0 -1 -1 0 0 -1 -1
0 0 0 -1 -1 0 0 0 0 -1 -1 0 -1 0 -1 0 -1 -1 0 -1 0 -1 0 -1 0 -1 -1 -1 0 0 -1 0 0 -1 -1 -1 -1 0 -1 -1 -1 0 -1 0 -1 0 -1 0 0 -1 -1 0 0 -1 0 -1 0 0 0 -1 -1 -1 0 -1 -1 -1 -1 -1 -1 0 -1 0 0 0 0 -1 0 -1 0 -1 -1 0 -1 0 -1 0 0 -1 -1 0 0 -1 0 -1 -1 -1 0 0 -1 0 0 0 0 -1 -1 -1 -1 -1 -1 -1 0 -1 -1 -1 -1 -1 -1 -1 -1 -1 -1 -1 -1 -1 0 0 0 0 0 0 0 -1 -1 -1 -1 -1 -1 -1 0 -1 -1 -1 0 -1 -1 0 0 -1 -1 0
-1 0 -1 0 -1 0 0 -1 0 -1 0 0 -1 0 -1 0 0 0 -1 0 0 0 0 0 0 -1 -1 -1 0 -1 -1 -1 -1 0 -1 -1 0 -1 -1 -1 0 -1 -1 0 -1 -1 0 0 -1 -1 0 0 -1 -1 -1 0 0 -1 0 -1 -1 -1 -1 0 0 0 0 0 0 -1 -1 -1 -1 0 -1 -1 -1 -1 0 -1 0 0 -1 -1 0 0 -1 0 0 0 -1 -1 -1 -1 0 0 -1 0 -1 0 0 0 0 0 0 0 -1 -1 -1 0 0 0 0 -1 0 -1 0 -1 0 -1 0 0 -1 -1 0 0 -1 -1 -1 -1 -1 0 -1 0 -1 0 0 -1 0 -1 -1 -1 -1 -1 0 -1 -1 0 0 -1
-1 -1 0 -1 -1 -1 0 0 -1 0 0 -1 -1 -1 -1 -1 0 -1 -1 -1 -1 -1 -1 -1 0 0 -1 0 -1 -1 -1 -1 -1 0 0 0 -1 0 -1 0 -1 -1 0 -1 -1 -1 -1 -1 0 -1 -1 0 0 0 -1 -1 0 0 -1 -1 -1 -1 0 -1 0 0 -1 -1 0 0 -1 -1 -1 -1 -1 -1 0 -1 0 -1 -1 -1 -1 0 -1 0 0 0 -1 0 -1 0 -1 0 0 -1 -1 -1 -1 -1 0 -1 -1 -1 -1 0 -1 0 -1 0 -1 -1 0 -1 -1 -1 -1 0 0 0 -1 -1 -1 -1 -1 -1 -1 -1 0 -1 -1 -1 -1 0 -1 -1 -1 -1 -1 -1 -1 0 -1 -1 0 0 -1 0 -1 -1
0 -1 0 0 -1 0 0 -1 -1 -1 -1 0 0 0 0 0 0 -1 -1 0 0 -1 -1 0 -1 0 -1 -1 0 -1 0 -1 -1 0 -1 0 -1 -1 0 -1 -1 -1 -1 -1 0 0 0 -1 -1 -1 -1 -1 0 0 0 0 0 0 0 -1 -1 0 0 0 0 0 0 -1 -1 -1 -1 -1 -1 -1 0 0 0 0 -1 -1 -1 -1 -1 0 -1 0 -1 -1 0 -1 0 -1 0 0 -1 -1 -1 -1 -1 0 0 -1 0 0 0 -1 0 -1 0 -1 -1 -1 -1 0 -1 0 0 0 0 -1 -1 -1 -1 -1 -1 0 0 0 -1 -1 -1 0 0 0 0 0 -1 -1 -1 0 -1 0 -1 -1 0 -1 -1 -1 -1 -1
-1 0 -1 -1 -1 0 0 -1 -1 -1 0 0 -1 -1 -1 -1 -1 -1 -1 0 -1 -1 0 -1 -1 0 0 -1 -1 0 -1 0 0 0 -1 0 0 0 -1 -1 -1 0 0 0 -1 -1 -1 -1 0 -1 0 0 -1 -1 0 -1 -1 0 0 -1 -1 0 -1 0 -1 0 0 -1 -1 0 -1 -1 0 -1 -1 -1 0 -1 -1 -1 0 0 -1 0 -1 -1 -1 -1 -1 -1 -1 0 -1 -1 0 -1 -1 0 0 0 -1 -1 -1 -1 -1 -1 -1 0 0 0 0 -1 -1 0 -1 -1 0 -1 -1 0 -1 0 0 -1 -1 -1 -1 0 0 -1 -1 0 0 0 -1 -1 -1 -1 -1 -1 -1 -1 -1 -1 0 -1 -1 -1 0 -1
0 0 -1 0 0 0 -1 -1 -1 -1 -1 -1 -1 0 -1 0 -1 -1 -1 0 -1 0 -1 -1 0 -1 -1 0 -1 0 -1 -1 0 -1 -1 -1 0 -1 0 -1 -1 -1 -1 0 0 -1 -1 -1 0 0 0 -1 0 -1 -1 -1 0 0 0 -1 -1 0 0 -1 -1 -1 0 -1 0 0 -1 -1 0 0 0 -1 -1 -1 -1 0 -1 -1 0 -1 -1 0 -1 0 -1 -1 -1 -1 -1 -1 -1 0 0 -1 -1 -1 0 -1 -1 -1 -1 0 -1 -1 -1 0 -1 0 -1 0 0 -1 -1 0 0 0 -1 0 -1 -1 -1 0 -1 -1 -1 -1 -1 0 -1 -1 -1 -1 0 0 0 -1 -1 0 0 -1 -1 -1 -1 0 -1 -1
0 0 0 0 -1 -1 -1 -1 -1 0 0 0 0 -1 -1 -1 0 -1 -1 0 0 0 -1 0 -1 0 0 -1 0 -1 -1 0 -1 -1 0 0 -1 0 -1 0 -1 -1 -1 -1 0 -1 -1 -1 0 -1 -1 -1 -1 -1 0 -1 -1 -1 -1 -1 0 0 -1 0 -1 -1 -1 -1 0 -1 0 -1 0 -1 -1 0 0 -1 -1 -1 -1 0 0 -1 -1 -1 -1 0 0 -1 -1 0 0 -1 0 -1 0 -1 0 -1 -1 -1 0 0 -1 0 -1 -1 -1 -1 -1 -1 -1 0 -1 -1 -1 -1 -1 -1 -1 0 0 -1 0 -1 -1 -1 0 -1 0 -1 -1 0 -1 -1 0 -1 -1 -1 0 -1 -1 0 -1 0 -1 -1 -1 -1
-1 -1 -1 0 -1 0 0 -1 0 -1 0 -1 -1 0 0 0 -1 0 0 -1 0 0 -1 0 -1 -1 -1 -1 0 -1 0 0 0 0 0 -1 -1 -1 -1 -1 0 -1 -1 0 -1 -1 0 -1 -1 0 0 -1 0 -1 -1 0 0 0 0 -1 0 0 0 0 0 -1 -1 -1 -1 -1 -1 0 0 -1 0 -1 0 0 -1 -1 -1 -1 0 0 -1 0 -1 0 -1 0 -1 -1 -1 -1 -1 0 -1 -1 -1 0 -1 0 -1 0 0 0 0 -1 -1 -1 -1 0 0 -1 -1 0 -1 -1 -1 -1 -1 -1 -1 -1 0 -1 -1 -1 0 -1 -1 -1 -1 0 -1 0 -1 -1 -1 -1 -1 0 -1 -1 -1 -1 0 -1 0 -1
-1 0 0 0 0 -1 0 0 -1 -1 -1 0 -1 -1 0 0 -1 -1 0 -1 0 0 -1 -1 0 -1 0 -1 0 -1 -1 -1 -1 -1 -1 0 -1 -1 0 -1 -1 0 -1 0 0 -1 -1 0 -1 -1 0 0 0 -1 -1 0 -1 0 0 0 -1 -1 -1 0 0 0 0 -1 0 -1 -1 -1 0 0 -1 -1 0 -1 -1 0 -1 -1 0 -1 -1 -1 0 0 -1 -1 -1 0 -1 0 -1 -1 -1 -1 -1 -1 -1 -1 -1 0 -1 -1 -1 0 -1 -1 -1 0 -1 -1 0 -1 -1 -1 -1 -1 -1 0 -1 0 -1 -1 -1 -1 0 0 -1 0 -1 -1 0 0 0 -1 -1 -1 -1 -1 0 0 -1 0 -1 -1 0 0
0 0 -1 -1 -1 0 0 -1 -1 -1 -1 -1 0 -1 -1 0 -1 0 0 -1 -1 -1 0 -1 -1 -1 0 -1 -1 -1 -1 -1 -1 0 0 -1 0 -1 0 0 -1 -1 -1 -1 0 0 -1 -1 0 -1 0 0 -1 -1 -1 0 -1 0 -1 0 0 -1 -1 -1 0 -1 0 -1 -1 -1 -1 -1 -1 0 0 0 -1 -1 0 0 -1 -1 -1 0 -1 -1 -1 0 0 0 0 -1 -1 -1 -1 0 -1 -1 -1 -1 0 0 0 0 -1 0 -1 0 -1 -1 -1 -1 0 -1 0 -1 0 0 -1 -1 0 -1 -1 -1 0 -1 -1 -1 -1 0 0 0 -1 -1 -1 -1 -1 -1 -1 0 -1 0 -1 -1 0 0 -1 0 -1 -1
-1 -1 -1 -1 0 -1 -1 0 0 -1 -1 -1 -1 -1 -1 -1 0 -1 -1 -1 0 0 -1 0 -1 0 -1 -1 -1 -1 -1 -1 -1 -1 0 -1 -1 0 0 -1 -1 -1 0 -1 -1 0 -1 -1 -1 0 0 -1 -1 -1 -1 -1 -1 0 -1 -1 -1 -1 0 0 -1 -1 0 -1 0 -1 -1 0 -1 0 -1 -1 -1 -1 -1 -1 0 -1 -1 -1 0 0 -1 0 -1 -1 0 -1 0 -1 -1 -1 0 -1 -1 -1 -1 -1 -1 -1 -1 0 0 0 -1 -1 -1 -1 -1 -1 0 -1 -1 -1 0 0 0 0 -1 -1 -1 -1 0 -1 0 0 0 0 -1 -1 -1 0 0 0 -1 0 -1 0 0 -1 -1 -1 0 -1 -1 0
0 -1 -1 -1 -1 -1 0 -1 -1 0 -1 0 -1 -1 -1 -1 -1 -1 0 -1 -1 0 0 0 0 0 -1 -1 0 0 -1 0 -1 -1 0 0 0 -1 -1 -1 0 0 -1 0 -1 -1 0 -1 0 -1 0 0 0 -1 0 0 0 -1 0 -1 0 -1 0 -1 -1 0 0 0 -1 0 -1 -1 -1 -1 -1 -1 0 -1 -1 -1 0 -1 0 0 0 0 -1 -1 -1 0 -1 0 -1 -1 -1 -1 -1 0 -1 0 -1 -1 0 -1 0 -1 0 0 0 -1 -1 -1 -1 0 0 -1 -1 0 -1 0 -1 0 -1 -1 0 0 -1 -1 0 0 -1 -1 -1 -1 -1 0 -1 0 -1 0 -1 0 0 0 0 0 0 0 -1 0
-1 -1 -1 0 -1 -1 0 0 0 -1 -1 -1 -1 0 0 0 -1 -1 -1 -1 -1 -1 0 -1 0 -1 0 -1 -1 -1 0 0 -1 -1 0 -1 -1 0 -1 0 -1 0 -1 0 -1 -1 0 -1 0 0 0 -1 -1 -1 -1 0 -1 -1 -1 0 0 -1 0 -1 0 0 0 -1 -1 0 -1 0 -1 0 0 -1 -1 0 0 -1 -1 -1 0 -1 0 -1 0 0 -1 0 0 -1 -1 0 0 -1 -1 0 -1 -1 -1 0 0 -1 0 0 0 -1 0 -1 -1 -1 -1 -1 -1 0 -1 0 -1 -1 0 0 -1 -1 -1 -1 -1 -1 0 -1 -1 -1 0 0 0 -1 -1 -1 0 0 -1 -1 -1 0 -1 0 -1 -1 -1 -1
0 0 -1 -1 0 -1 -1 0 0 -1 0 -1 -1 -1 0 -1 0 0 -1 -1 -1 0 0 -1 0 0 -1 -1 0 -1 -1 -1 0 0 -1 -1 -1 -1 -1 0 0 -1 0 0 -1 -1 0 0 -1 -1 0 -1 0 0 -1 0 -1 -1 -1 -1 0 -1 0 -1 0 -1 -1 -1 -1 -1 0 -1 -1 0 -1 -1 -1 0 0 -1 -1 0 -1 0 -1 -1 0 -1 0 0 -1 -1 -1 0 0 -1 -1 -1 -1 -1 0 0 0 0 -1 0 0 -1 0 -1 -1 -1 -1 -1 0 -1 -1 -1 -1 -1 0 0 -1 -1 0 0 0 -1 -1 0 -1 0 -1 -1 0 0 -1 0 0 0 -1 -1 -1 -1 -1 -1 0 -1 0 0
-1 -1 0 -1 0 -1 -1 0 0 -1 0 -1 -1 -1 -1 -1 0 -1 -1 -1 0 -1 -1 -1 0 0 -1 0 0 -1 -1 0 0 -1 0 -1 -1 -1 -1 0 -1 0 -1 -1 -1 -1 -1 -1 0 -1 -1 -1 0 0 -1 0 -1 0 0 -1 0 -1 -1 0 -1 0 0 -1 0 -1 0 -1 -1 0 -1 0 -1 -1 -1 -1 0 0 -1 0 0 0 0 -1 0 0 -1 -1 0 -1 0 -1 -1 0 -1 -1 -1 -1 -1 0 -1 -1 -1 0 -1 0 -1 -1 0 -1 0 0 -1 0 0 -1 0 -1 -1 -1 -1 -1 -1 0 -1 0 -1 -1 -1 0 0 0 0 0 0 -1 0 0 0 0 -1 0 0 -1 -1 -1
-1 -1 -1 0 0 -1 0 0 -1 -1 0 0 -1 0 -1 -1 0 -1 0 -1 -1 0 0 0 0 0 -1 -1 -1 -1 -1 -1 -1 -1 -1 0 0 0 -1 0 -1 -1 0 -1 0 0 0 -1 -1 -1 -1 0 0 -1 -1 -1 -1 -1 0 0 0 -1 0 -1 0 -1 -1 -1 -1 0 0 0 0 0 0 0 0 0 0 0 0 -1 0 -1 0 0 0 0 -1 0 -1 -1 0 -1 0 -1 0 -1 -1 -1 -1 0 0 0 0 0 -1 0 -1 -1 0 0 0 -1 0 0 0 -1 0 -1 -1 -1 0 -1 -1 -1 -1 -1 0 -1 -1 0 -1 -1 -1 -1 0 -1 -1 0 0 -1 -1 -1 -1 -1 0 -1 -1 -1
-1 0 0 -1 0 -1 0 -1 0 -1 0 -1 0 -1 -1 -1 -1 -1 -1 0 -1 0 0 0 -1 0 -1 -1 0 -1 -1 -1 -1 0 0 -1 -1 -1 -1 -1 -1 -1 -1 0 -1 -1 0 -1 -1 -1 0 0 -1 0 -1 -1 -1 -1 -1 0 -1 0 0 0 -1 0 0 -1 -1 -1 -1 -1 0 -1 0 -1 -1 0 -1 0 0 -1 -1 -1 0 -1 0 0 -1 0 0 0 0 0 0 0 -1 -1 -1 -1 -1 -1 -1 -1 -1 0 0 0 -1 -1 -1 0 -1 -1 -1 -1 -1 0 -1 0 0 -1 -1 -1 -1 0 -1 -1 -1 0 -1 0 0 -1 -1 -1 -1 0 0 -1 0 -1 -1 -1 -1 0 -1 -1 0 0
0 0 0 -1 -1 0 -1 -1 -1 -1 0 0 0 -1 0 0 0 -1 -1 0 -1 -1 -1 -1 -1 -1 -1 -1 -1 -1 -1 -1 -1 0 0 -1 -1 0 -1 0 -1 -1 -1 -1 0 -1 -1 -1 -1 -1 -1 0 -1 0 0 -1 -1 0 -1 -1 -1 -1 -1 -1 0 0 -1 -1 -1 0 -1 -1 -1 -1 0 -1 0 0 0 0 -1 -1 -1 -1 -1 -1 -1 -1 -1 0 0 0 -1 0 -1 -1 0 0 0 0 0 -1 0 -1 -1 0 0 -1 0 -1 -1 -1 0 -1 -1 0 0 -1 -1 -1 0 0 0 0 -1 -1 -1 0 -1 0 -1 0 -1 0 -1 -1 0 0 -1 -1 0 -1 -1 -1 -1 -1 0 -1 -1 0
-1 0 -1 0 -1 -1 -1 -1 -1 0 -1 -1 -1 -1 -1 -1 -1 -1 -1 -1 -1 -1 0 0 -1 -1 -1 -1 -1 -1 -1 0 0 -1 -1 0 -1 -1 0 0 -1 0 -1 -1 -1 -1 -1 -1 0 -1 0 -1 -1 0 -1 -1 0 -1 0 -1 0 -1 -1 -1 0 -1 0 -1 0 -1 -1 -1 -1 -1 -1 0 0 0 -1 -1 -1 -1 -1 0 -1 0 -1 -1 0 -1 -1 -1 -1 -1 -1 -1 0 -1 -1 -1 -1 -1 -1 -1 -1 0 -1 0 -1 0 -1 0 -1 0 -1 -1 0 -1 -1 -1 0 -1 -1 0 0 -1 -1 0 0 0 0 0 -1 -1 -1 -1 -1 0 0 -1 -1 -1 0 -1 0 0 -1 -1 -1 0
-1 -1 0 0 -1 0 -1 -1 -1 0 -1 0 -1 0 -1 0 0 -1 0 -1 0 -1 -1 0 0 0 -1 0 -1 -1 -1 -1 0 -1 -1 0 0 -1 0 -1 -1 0 -1 -1 -1 -1 -1 -1 -1 0 0 -1 0 -1 -1 0 0 0 0 -1 -1 0 0 -1 -1 -1 -1 -1 -1 0 0 -1 0 0 -1 -1 0 -1 0 0 0 -1 -1 -1 -1 -1 -1 -1 0 -1 0 -1 0 0 -1 -1 -1 0 0 0 -1 0 -1 -1 -1 0 -1 0 0 0 0 -1 -1 0 -1 -1 -1 0 0 0 -1 -1 -1 -1 -1 0 -1 -1 -1 0 -1 -1 -1 -1 -1 0 -1 -1 0 -1 -1 0 -1 0 0 -1 0 0 -1 -1
-1 -1 -1 0 -1 -1 0 -1 -1 -1 -1 -1 -1 -1 -1 0 0 -1 -1 -1 0 -1 -1 0 0 0 -1 0 0 0 -1 0 -1 0 -1 -1 -1 -1 0 -1 0 -1 -1 -1 0 -1 -1 -1 -1 -1 -1 0 0 0 0 -1 -1 -1 0 -1 -1 0 -1 -1 0 0 0 0 -1 0 -1 0 -1 -1 -1 -1 -1 0 -1 0 -1 0 0 -1 -1 -1 -1 -1 0 0 0 0 -1 -1 -1 0 -1 -1 0 -1 -1 -1 0 -1 0 -1 -1 -1 0 0 -1 0 -1 -1 -1 -1 -1 -1 0 0 -1 0 -1 -1 -1 -1 -1 -1 0 -1 -1 0 -1 -1 0 -1 -1 -1 -1 0 0 -1 -1 -1 -1 -1 -1 0 -1 0
0 -1 0 0 -1 -1 -1 -1 -1 -1 0 0 -1 -1 0 -1 0 0 0 -1 -1 -1 -1 -1 -1 -1 -1 -1 0 0 0 -1 0 0 -1 0 0 0 -1 0 -1 -1 0 -1 0 -1 -1 -1 -1 0 -1 -1 -1 -1 0 -1 -1 0 -1 0 -1 -1 -1 -1 -1 0 0 -1 -1 0 -1 0 0 0 -1 -1 -1 0 0 0 0 -1 0 -1 -1 -1 -1 -1 0 0 -1 -1 -1 0 -1 0 -1 0 -1 0 -1 0 0 0 -1 0 0 -1 -1 0 0 -1 0 0 -1 -1 0 -1 -1 0 0 0 -1 -1 -1 -1 0 -1 -1 -1 0 -1 -1 -1 0 -1 -1 0 -1 0 0 0 -1 -1 0 -1 -1 0 0 -1
-1 0 0 -1 0 0 -1 0 0 0 -1 -1 0 -1 0 0 -1 0 -1 0 -1 0 -1 0 -1 -1 0 0 -1 0 0 -1 -1 0 -1 -1 0 0 -1 0 -1 -1 0 0 0 -1 0 0 -1 -1 0 -1 0 -1 -1 -1 0 -1 -1 0 0 0 0 -1 0 -1 -1 -1 -1 -1 -1 0 -1 -1 0 0 -1 -1 -1 -1 0 0 -1 -1 -1 0 -1 0 0 -1 -1 -1 -1 0 -1 0 -1 0 -1 -1 -1 -1 -1 -1 -1 0 -1 0 -1 0 -1 0 -1 0 0 -1 -1 0 -1 0 0 -1 0 0 -1 -1 -1 0 0 -1 0 -1 0 0 -1 -1 0 0 -1 0 0 0 -1 -1 -1 -1 -1 0 -1 -1
-1 -1 -1 -1 0 -1 0 0 0 0 -1 -1 0 0 0 -1 0 -1 0 -1 -1 -1 -1 -1 -1 -1 -1 -1 -1 -1 -1 -1 -1 -1 -1 -1 0 -1 -1 -1 -1 -1 0 0 -1 -1 -1 -1 -1 0 -1 -1 -1 -1 -1 0 -1 -1 -1 0 -1 -1 -1 -1 -1 -1 -1 -1 -1 -1 -1 0 -1 0 0 0 0 -1 -1 0 0 -1 -1 -1 -1 -1 -1 -1 -1 0 0 -1 -1 0 -1 -1 0 0 -1 -1 0 -1 0 0 -1 0 0 -1 -1 0 0 -1 0 0 0 0 0 -1 -1 -1 0 -1 0 -1 0 -1 0 -1 0 0 -1 -1 -1 -1 -1 -1 0 0 0 0 0 -1 -1 -1 0 -1 -1 0 -1 0
-1 -1 0 -1 0 0 -1 -1 -1 -1 0 0 0 -1 0 -1 0 0 -1 -1 0 -1 0 -1 -1 -1 -1 0 0 0 0 0 0 -1 -1 0 -1 -1 -1 -1 0 0 0 0 -1 -1 0 -1 -1 -1 -1 0 -1 0 -1 0 -1 0 0 -1 -1 -1 -1 -1 -1 -1 0 -1 0 -1 -1 -1 -1 0 0 -1 0 -1 -1 0 -1 -1 0 0 -1 0 -1 -1 -1 -1 -1 0 -1 -1 -1 -1 0 0 -1 -1 0 -1 -1 -1 -1 0 0 0 -1 -1 -1 0 -1 -1 -1 0 0 -1 -1 0 -1 -1 0 -1 -1 0 -1 -1 -1 -1 0 -1 -1 -1 0 0 -1 0 0 -1 -1 0 -1 -1 -1 -1 -1 0 0 0
-1 -1 -1 0 -1 0 -1 -1 -1 -1 0 0 -1 -1 0 -1 0 0 -1 -1 -1 -1 -1 -1 0 0 -1 0 0 -1 -1 -1 -1 -1 0 0 -1 -1 -1 -1 0 0 -1 -1 -1 -1 -1 -1 0 -1 0 -1 -1 0 -1 -1 0 -1 0 -1 -1 0 0 -1 0 0 0 0 -1 0 -1 -1 -1 0 -1 -1 -1 -1 0 -1 0 -1 -1 -1 -1 0 -1 -1 -1 -1 -1 -1 -1 -1 -1 -1 0 -1 0 -1 -1 -1 0 -1 -1 -1 -1 -1 -1 0 0 -1 -1 -1 0 -1 -1 0 0 -1 0 0 -1 0 -1 0 -1 -1 -1 -1 -1 -1 -1 -1 0 -1 -1 -1 0 0 0 0 -1 0 0 0 -1 -1 0 -1
-1 -1 -1 -1 -1 0 -1 -1 -1 -1 0 -1 -1 0 -1 -1 0 0 0 -1 0 -1 0 -1 -1 0 0 0 -1 -1 0 -1 0 -1 -1 -1 0 -1 0 0 0 -1 0 0 -1 0 -1 0 -1 -1 -1 0 -1 -1 0 0 0 0 -1 0 0 -1 0 -1 0 0 0 0 -1 0 0 -1 -1 -1 -1 0 0 0 -1 0 -1 -1 -1 -1 -1 -1 -1 -1 0 0 0 -1 -1 -1 -1 -1 -1 -1 -1 0 -1 0 0 -1 0 -1 -1 -1 0 0 0 -1 0 -1 -1 -1 -1 -1 -1 -1 -1 -1 0 -1 -1 0 -1 -1 0 -1 -1 -1 -1 0 0 -1 -1 -1 -1 0 -1 0 -1 -1 0 -1 -1 0 -1 0
-1 -1 0 0 -1 -1 -1 -1 0 0 -1 0 -1 0 -1 -1 -1 -1 0 -1 -1 -1 -1 -1 0 0 -1 -1 0 -1 0 -1 -1 0 0 -1 0 -1 -1 -1 -1 -1 -1 0 0 -1 -1 -1 0 -1 -1 -1 -1 -1 -1 0 0 -1 0 -1 0 0 -1 0 -1 0 -1 -1 -1 0 -1 0 -1 0 -1 -1 0 -1 0 -1 0 -1 0 -1 -1 -1 -1 -1 0 -1 -1 -1 -1 -1 -1 0 -1 -1 -1 0 -1 -1 -1 -1 -1 -1 -1 -1 0 -1 0 -1 0 0 -1 -1 0 -1 -1 0 -1 -1 -1 -1 -1 -1 -1 0 0 -1 0 0 -1 -1 0 0 0 -1 -1 -1 0 -1 -1 0 -1 -1 0 -1 0 -1
0 -1 0 0 0 -1 -1 -1 0 -1 0 -1 0 -1 0 0 -1 0 -1 -1 0 -1 0 -1 0 -1 0 -1 0 -1 0 -1 0 0 0 0 -1 0 0 -1 -1 -1 0 0 0 -1 0 0 0 0 -1 0 0 -1 -1 -1 0 -1 -1 -1 -1 0 -1 -1 -1 0 -1 0 -1 0 -1 -1 -1 -1 -1 0 0 -1 0 -1 -1 -1 -1 0 0 0 -1 0 -1 0 -1 -1 0 -1 0 0 -1 -1 -1 0 -1 -1 -1 0 0 -1 0 0 -1 -1 0 -1 -1 -1 -1 -1 -1 -1 -1 0 0 -1 0 -1 -1 0 -1 -1 0 0 -1 -1 -1 0 -1 -1 0 -1 0 0 -1 -1 -1 0 -1 -1 -1 -1 0 -1
-1 -1 -1 0 -1 0 0 0 0 0 -1 -1 -1 0 -1 -1 0 0 -1 -1 -1 -1 -1 -1 0 0 -1 0 -1 -1 0 -1 -1 0 -1 -1 -1 0 0 -1 -1 -1 -1 -1 -1 -1 -1 -1 0 -1 -1 -1 -1 -1 0 0 -1 -1 0 -1 0 -1 -1 0 0 -1 0 -1 -1 -1 0 -1 -1 0 0 -1 -1 -1 -1 0 0 0 0 0 -1 -1 -1 -1 0 -1 0 0 0 -1 0 -1 -1 0 -1 -1 -1 -1 0 0 0 0 -1 0 0 0 -1 0 -1 -1 -1 0 -1 -1 -1 0 0 -1 0 -1 -1 0 -1 -1 0 -1 0 -1 0 -1 0 -1 -1 0 0 0 -1 -1 -1 0 -1 -1 0 0 0 0
-1 -1 -1 0 0 -1 -1 0 -1 -1 -1 -1 -1 0 -1 -1 -1 0 0 0 -1 0 -1 0 0 0 -1 0 0 -1 0 0 0 -1 0 -1 -1 0 0 -1 -1 0 -1 0 -1 -1 -1 -1 0 -1 -1 -1 -1 -1 -1 -1 0 -1 -1 -1 0 -1 -1 0 -1 -1 0 -1 -1 0 -1 -1 -1 -1 0 -1 -1 -1 0 -1 0 0 0 -1 -1 -1 -1 -1 0 0 -1 0 -1 0 -1 0 0 0 0 0 -1 -1 0 -1 0 0 -1 -1 -1 0 0 -1 -1 -1 0 -1 0 -1 0 -1 0 0 -1 -1 -1 0 0 -1 0 -1 -1 -1 -1 -1 0 0 -1 -1 0 -1 0 -1 -1 0 -1 -1 -1 -1 0 0
-1 -1 0 -1 -1 0 0 0 -1 0 -1 0 -1 -1 -1 0 0 -1 -1 -1 -1 0 0 0 -1 0 -1 -1 -1 0 0 -1 0 -1 -1 -1 -1 0 0 -1 -1 -1 -1 0 0 -1 -1 -1 0 -1 -1 -1 0 0 0 0 -1 0 0 -1 -1 0 0 -1 0 0 -1 0 0 0 0 0 -1 0 0 -1 -1 0 -1 0 0 -1 0 0 -1 0 0 -1 0 0 -1 0 -1 -1 0 -1 -1 -1 -1 0 -1 -1 0 0 0 -1 -1 -1 0 0 0 0 -1 0 -1 0 -1 -1 -1 0 -1 0 -1 0 0 -1 0 0 0 -1 -1 0 0 -1 -1 0 -1 0 -1 -1 0 0 -1 -1 -1 0 -1 -1 -1 -1
-1 -1 0 0 -1 -1 -1 0 0 -1 0 -1 -1 -1 -1 -1 -1 -1 -1 -1 0 0 -1 -1 -1 -1 0 0 -1 -1 -1 -1 -1 0 0 -1 -1 -1 -1 -1 0 0 0 0 -1 0 -1 -1 0 -1 0 -1 -1 -1 -1 -1 0 -1 -1 -1 -1 -1 0 -1 0 -1 -1 -1 0 -1 -1 -1 -1 -1 -1 -1 -1 0 0 -1 -1 0 0 -1 0 0 0 0 0 -1 0 -1 0 0 0 0 -1 0 -1 0 -1 -1 -1 -1 -1 0 0 -1 -1 0 0 -1 0 -1 -1 0 0 0 -1 0 0 -1 0 0 -1 -1 0 0 -1 -1 0 0 0 -1 -1 -1 -1 0 -1 0 0 0 -1 -1 -1 -1 -1 -1 -1 0
-1 0 0 -1 -1 0 -1 0 0 -1 0 0 0 0 -1 -1 -1 -1 0 -1 -1 -1 -1 0 0 -1 -1 -1 -1 -1 -1 0 -1 -1 -1 -1 0 0 0 0 0 -1 -1 -1 -1 0 0 0 -1 0 0 -1 0 -1 -1 -1 0 -1 -1 -1 0 0 0 0 -1 -1 0 0 -1 -1 -1 0 -1 0 0 -1 0 0 0 -1 -1 0 0 0 -1 0 0 -1 -1 -1 -1 0 -1 -1 -1 -1 -1 -1 0 -1 0 0 -1 0 0 -1 -1 0 -1 0 0 0 -1 0 -1 -1 -1 -1 -1 0 -1 -1 -1 -1 -1 -1 -1 -1 -1 -1 -1 -1 0 0 -1 0 -1 0 0 0 0 0 -1 -1 -1 -1 0 -1 -1 -1
0 -1 -1 0 -1 -1 -1 -1 -1 0 -1 0 -1 0 -1 0 -1 -1 -1 -1 0 -1 0 -1 0 -1 -1 -1 -1 -1 -1 -1 -1 0 -1 0 0 0 0 0 0 -1 0 -1 -1 0 -1 -1 -1 -1 -1 -1 0 -1 0 0 0 0 -1 -1 -1 0 -1 -1 -1 0 -1 0 0 0 -1 0 0 -1 -1 0 -1 -1 -1 0 -1 -1 0 -1 -1 -1 -1 0 -1 0 -1 -1 -1 0 -1 -1 -1 -1 -1 0 0 -1 0 -1 0 0 -1 -1 0 0 -1 -1 -1 0 -1 0 0 -1 0 -1 -1 -1 -1 -1 -1 0 0 0 0 -1 -1 -1 0 -1 -1 0 -1 -1 -1 -1 -1 -1 -1 0 -1 -1 -1 0 -1 0
-1 -1 -1 0 -1 0 -1 -1 -1 -1 -1 0 0 0 -1 -1 -1 -1 0 -1 -1 -1 -1 -1 -1 -1 -1 -1 0 0 0 -1 -1 0 -1 -1 -1 -1 -1 0 -1 -1 0 -1 -1 -1 -1 -1 0 -1 0 0 0 0 -1 -1 -1 0 -1 -1 0 -1 -1 0 -1 0 -1 0 0 -1 -1 0 -1 0 -1 -1 0 -1 0 -1 -1 -1 -1 -1 -1 -1 0 0 -1 0 -1 -1 0 0 0 0 -1 0 0 -1 -1 -1 0 0 -1 -1 0 -1 -1 -1 -1 -1 0 0 -1 -1 -1 -1 -1 -1 -1 -1 -1 -1 -1 0 -1 -1 0 0 -1 0 -1 -1 -1 -1 -1 -1 -1 -1 0 0 -1 0 -1 -1 0 -1 -1 -1
-1 -1 -1 -1 -1 -1 -1 -1 -1 -1 -1 0 0 -1 0 -1 -1 -1 0 -1 0 -1 -1 -1 0 -1 0 -1 0 0 -1 0 -1 0 -1 -1 0 -1 0 -1 0 0 -1 -1 -1 0 -1 0 0 -1 -1 0 -1 0 -1 0 -1 -1 -1 0 0 0 0 0 0 -1 0 -1 -1 0 -1 0 0 -1 0 -1 -1 0 -1 -1 -1 0 -1 -1 -1 -1 -1 -1 -1 -1 -1 -1 0 -1 0 -1 -1 -1 0 -1 0 -1 0 0 -1 -1 -1 -1 -1 0 -1 -1 0 -1 -1 0 0 -1 0 -1 0 0 -1 -1 0 -1 -1 -1 0 -1 -1 0 -1 -1 0 0 -1 -1 -1 -1 -1 0 -1 -1 -1 -1 -1 -1 0 0
-1 -1 0 -1 -1 0 0 -1 -1 0 -1 0 -1 0 -1 -1 0 0 0 0 -1 0 -1 -1 0 -1 0 0 0 -1 0 -1 -1 -1 0 -1 0 -1 -1 -1 -1 0 -1 -1 -1 -1 -1 0 0 -1 -1 -1 -1 0 -1 0 -1 0 -1 -1 0 -1 -1 0 -1 -1 0 0 0 -1 -1 -1 0 -1 0 -1 -1 0 0 -1 0 0 -1 0 0 -1 -1 -1 -1 0 -1 0 -1 -1 -1 0 -1 0 -1 -1 0 -1 0 -1 0 -1 -1 -1 -1 -1 -1 -1 0 0 0 -1 0 0 -1 0 -1 0 0 -1 0 -1 -1 0 -1 -1 -1 0 0 -1 -1 -1 -1 -1 0 0 0 -1 -1 -1 -1 -1 0 0 0 -1
0 -1 -1 0 0 -1 -1 -1 -1 -1 0 -1 0 -1 -1 -1 -1 -1 0 0 -1 -1 -1 -1 0 0 -1 -1 0 -1 0 -1 0 -1 0 -1 0 0 -1 -1 0 0 -1 0 0 -1 -1 -1 -1 -1 -1 -1 -1 0 -1 -1 -1 0 -1 0 -1 -1 -1 -1 -1 -1 -1 -1 0 -1 -1 0 -1 0 -1 -1 -1 0 -1 -1 0 0 0 0 -1 -1 -1 0 0 0 -1 0 0 0 -1 -1 0 0 -1 -1 -1 -1 0 -1 -1 -1 -1 -1 0 0 -1 0 -1 -1 -1 -1 -1 0 0 0 -1 -1 0 -1 0 -1 -1 -1 -1 -1 -1 0 -1 -1 -1 0 -1 0 0 -1 -1 0 -1 0 -1 -1 -1 -1 0 -1
-1 -1 -1 -1 0 -1 0 -1 0 0 0 0 -1 -1 -1 0 -1 0 -1 -1 0 -1 0 0 -1 0 -1 -1 -1 0 -1 0 0 0 0 -1 -1 -1 -1 0 0 0 0 -1 0 -1 -1 -1 0 0 0 -1 -1 0 -1 -1 -1 0 -1 -1 -1 -1 -1 0 0 0 0 -1 -1 -1 -1 0 0 -1 -1 -1 0 0 -1 0 -1 0 -1 -1 -1 -1 0 -1 -1 0 0 0 0 -1 0 0 -1 -1 -1 -1 0 -1 0 -1 -1 -1 -1 -1 -1 -1 0 -1 -1 -1 0 0 -1 -1 0 -1 -1 -1 -1 0 -1 -1 0 -1 -1 -1 0 -1 -1 -1 -1 -1 -1 -1 0 0 -1 0 0 -1 0 0 0 -1 -1 -1
0 -1 -1 -1 0 -1 -1 0 0 -1 0 0 0 -1 -1 0 -1 -1 -1 0 0 -1 -1 0 0 -1 -1 -1 -1 0 -1 0 -1 -1 0 0 0 0 -1 0 0 -1 0 -1 0 0 -1 -1 -1 0 -1 -1 0 0 0 0 -1 -1 0 -1 -1 -1 0 -1 0 -1 -1 -1 0 0 -1 -1 0 -1 -1 -1 -1 -1 0 -1 0 -1 -1 0 0 -1 0 0 0 0 0 0 -1 0 -1 0 -1 -1 -1 0 0 0 0 0 0 -1 -1 0 -1 0 -1 0 -1 0 -1 -1 -1 0 -1 0 -1 0 0 -1 -1 -1 -1 0 -1 -1 0 -1 -1 -1 0 0 -1 0 -1 -1 0 -1 -1 -1 -1 -1 -1 -1 -1 -1
0 -1 0 -1 0 0 -1 0 -1 -1 0 0 -1 -1 0 0 -1 -1 -1 -1 0 0 0 0 0 0 -1 0 -1 -1 0 0 -1 -1 0 -1 -1 0 -1 -1 -1 0 0 0 -1 0 -1 -1 0 0 -1 0 -1 -1 -1 -1 0 -1 0 0 0 0 -1 0 -1 0 0 0 -1 -1 0 -1 0 0 0 0 0 -1 -1 -1 -1 -1 -1 -1 0 0 0 0 -1 -1 -1 -1 0 0 -1 0 -1 -1 -1 -1 0 -1 -1 0 -1 0 0 -1 0 0 -1 -1 0 0 -1 0 -1 -1 0 -1 -1 -1 0 0 0 -1 -1 -1 -1 -1 0 0 -1 0 0 0 -1 0 -1 0 -1 0 -1 0 -1 -1 0 -1 -1 -1
-1 -1 -1 -1 -1 -1 -1 -1 -1 0 0 -1 -1 0 -1 -1 -1 0 -1 0 0 -1 0 -1 -1 0 -1 -1 -1 -1 -1 -1 -1 -1 -1 -1 -1 0 0 -1 0 -1 -1 -1 -1 -1 0 0 -1 -1 -1 -1 0 -1 -1 0 0 -1 -1 -1 -1 0 0 0 -1 -1 -1 0 -1 -1 -1 -1 -1 -1 0 -1 0 0 0 0 -1 0 -1 -1 0 0 -1 -1 0 -1 -1 -1 -1 0 -1 0 -1 -1 -1 0 0 -1 0 -1 -1 -1 -1 -1 0 -1 -1 -1 -1 -1 0 0 0 0 -1 -1 0 0 -1 0 -1 0 -1 -1 -1 -1 0 -1 0 0 -1 0 0 0 -1 0 -1 -1 -1 -1 -1 0 -1 0 0 -1
0 0 -1 0 0 -1 0 -1 0 -1 -1 0 -1 0 -1 0 -1 -1 -1 -1 0 0 0 -1 0 -1 0 -1 -1 0 -1 -1 -1 -1 0 -1 0 -1 0 0 0 0 -1 0 -1 0 0 0 -1 -1 -1 -1 -1 -1 0 0 0 0 -1 -1 -1 -1 -1 -1 0 0 -1 0 -1 0 -1 0 -1 0 -1 -1 -1 0 -1 -1 -1 -1 0 0 0 -1 0 -1 -1 -1 -1 -1 -1 -1 -1 -1 -1 -1 0 -1 -1 -1 -1 0 0 -1 -1 -1 0 0 -1 -1 -1 0 -1 -1 -1 -1 -1 0 -1 -1 0 0 -1 0 -1 0 0 0 -1 0 -1 -1 0 -1 -1 -1 0 -1 0 0 0 -1 -1 0 -1 0 -1 -1
0 0 0 -1 0 0 -1 0 -1 -1 -1 0 -1 0 -1 0 -1 -1 -1 0 0 0 -1 0 -1 -1 0 -1 -1 -1 -1 0 -1 -1 -1 -1 -1 0 0 -1 -1 0 -1 -1 -1 -1 -1 -1 -1 -1 0 0 -1 0 0 0 -1 -1 -1 -1 -1 -1 -1 -1 -1 0 -1 -1 -1 0 0 -1 0 -1 -1 -1 -1 0 0 0 -1 0 -1 0 -1 -1 -1 -1 -1 -1 -1 -1 -1 -1 0 -1 0 0 -1 0 -1 -1 -1 -1 -1 0 -1 -1 -1 0 0 -1 0 0 0 -1 0 -1 0 -1 -1 0 -1 -1 0 -1 0 -1 0 -1 -1 -1 -1 -1 0 -1 -1 0 0 -1 0 -1 0 0 -1 -1 0 0 0 -1
-1 -1 0 -1 -1 0 0 -1 -1 0 -1 0 -1 0 -1 -1 0 -1 -1 -1 -1 -1 -1 -1 -1 0 -1 -1 -1 -1 0 0 -1 0 -1 -1 -1 -1 0 -1 -1 0 0 0 0 -1 -1 -1 0 -1 -1 -1 -1 -1 -1 -1 -1 -1 -1 -1 -1 0 -1 -1 0 -1 0 -1 -1 -1 -1 -1 -1 -1 0 -1 0 0 -1 -1 -1 -1 -1 0 -1 -1 0 -1 -1 -1 0 0 0 -1 -1 0 -1 -1 -1 -1 -1 -1 0 -1 -1 -1 -1 0 -1 -1 0 -1 0 0 0 0 -1 0 0 -1 0 0 0 0 -1 0 -1 0 -1 -1 0 0 0 0 0 0 0 -1 -1 -1 0 -1 0 -1 -1 -1 -1 -1 -1 0
0 -1 -1 0 -1 -1 0 0 -1 0 -1 -1 -1 -1 0 -1 0 -1 0 0 0 0 -1 0 0 -1 0 -1 -1 0 -1 -1 -1 -1 -1 -1 -1 -1 0 -1 -1 -1 0 -1 0 -1 0 -1 0 0 -1 0 -1 -1 -1 -1 0 -1 -1 -1 0 0 -1 0 0 -1 0 0 -1 -1 0 -1 -1 -1 -1 -1 0 0 -1 -1 0 -1 0 -1 0 0 0 -1 0 -1 0 -1 -1 0 -1 -1 -1 -1 -1 -1 -1 -1 0 0 0 -1 0 -1 -1 0 -1 0 -1 -1 0 -1 -1 0 0 -1 -1 0 -1 0 -1 -1 0 0 -1 0 0 0 -1 -1 -1 0 -1 0 -1 0 0 0 -1 -1 -1 -1 0 -1 -1 -1
0 -1 -1 0 -1 -1 -1 0 -1 -1 0 -1 0 -1 0 -1 0 -1 -1 0 -1 0 0 0 -1 -1 -1 0 -1 -1 -1 0 -1 0 -1 -1 0 0 -1 -1 0 -1 -1 -1 -1 0 -1 0 -1 0 -1 -1 -1 0 -1 -1 0 -1 -1 0 -1 0 -1 -1 0 -1 0 -1 -1 -1 0 0 -1 -1 0 -1 -1 0 -1 -1 -1 0 -1 0 -1 0 0 0 -1 0 -1 0 -1 -1 -1 -1 0 0 0 -1 -1 0 -1 0 0 -1 0 -1 0 -1 0 -1 -1 0 -1 -1 -1 0 -1 -1 0 0 -1 -1 0 0 -1 -1 -1 -1 -1 0 -1 -1 -1 0 -1 0 -1 -1 -1 -1 -1 -1 -1 -1 0 -1 -1 0
-1 -1 -1 0 -1 -1 0 0 0 -1 0 -1 -1 0 -1 0 -1 -1 0 -1 0 0 -1 0 -1 0 -1 -1 0 -1 -1 -1 -1 -1 -1 0 -1 -1 -1 -1 -1 -1 0 -1 -1 -1 0 -1 -1 -1 -1 0 0 -1 -1 0 0 -1 -1 0 -1 -1 0 -1 -1 -1 -1 -1 -1 0 0 0 -1 0 0 0 -1 -1 -1 -1 -1 -1 -1 -1 0 0 0 -1 0 0 0 -1 -1 -1 0 -1 -1 -1 -1 -1 -1 0 -1 -1 -1 -1 0 -1 0 -1 -1 -1 -1 0 -1 -1 -1 0 0 -1 -1 -1 -1 0 -1 -1 -1 -1 -1 -1 -1 -1 -1 0 0 0 0 0 -1 0 -1 0 -1 0 -1 -1 -1 -1 0 0
0 0 -1 -1 -1 -1 -1 -1 0 0 -1 0 -1 -1 0 -1 -1 0 0 -1 0 0 -1 -1 0 0 -1 -1 -1 -1 0 -1 -1 0 -1 0 0 0 0 -1 0 0 -1 -1 0 0 0 -1 -1 -1 0 0 0 -1 -1 -1 0 -1 0 -1 -1 -1 0 0 0 -1 -1 -1 0 -1 -1 0 -1 -1 -1 0 0 -1 0 0 0 0 -1 0 -1 -1 -1 0 -1 -1 -1 -1 0 0 -1 -1 0 -1 0 0 0 0 0 0 -1 0 0 -1 -1 0 -1 0 0 -1 0 0 -1 -1 -1 0 0 -1 -1 0 -1 0 -1 -1 -1 -1 0 0 0 0 -1 0 0 -1 -1 -1 -1 0 0 -1 -1 -1 -1 0 0 -1
0 0 0 -1 -1 -1 -1 0 -1 0 -1 -1 0 -1 -1 -1 -1 0 -1 0 -1 -1 0 0 -1 0 -1 -1 0 -1 -1 0 -1 -1 0 0 -1 -1 0 0 0 -1 -1 -1 0 0 -1 -1 -1 -1 0 0 -1 -1 0 -1 -1 0 0 0 -1 -1 -1 0 -1 0 -1 0 0 -1 -1 -1 0 -1 -1 0 -1 -1 0 0 -1 0 0 0 -1 -1 -1 -1 0 0 0 0 0 -1 -1 -1 -1 -1 -1 -1 -1 0 0 0 -1 -1 0 -1 -1 0 -1 0 0 -1 0 -1 -1 -1 0 -1 0 -1 -1 -1 -1 0 -1 -1 0 -1 -1 -1 0 -1 -1 0 -1 0 0 0 -1 0 -1 0 -1 0 -1 0 -1 -1
0 0 -1 -1 -1 -1 -1 0 -1 0 0 0 -1 0 0 -1 -1 -1 -1 -1 0 -1 -1 0 -1 0 0 -1 -1 0 -1 -1 -1 0 -1 0 0 -1 0 0 0 -1 -1 -1 -1 0 -1 -1 0 -1 0 -1 -1 0 0 0 -1 -1 0 -1 -1 0 -1 -1 -1 -1 0 -1 0 -1 -1 -1 -1 -1 -1 0 -1 -1 0 -1 -1 -1 0 0 0 -1 -1 -1 -1 -1 -1 -1 -1 -1 -1 -1 -1 -1 -1 -1 0 -1 0 -1 0 0 -1 -1 -1 0 0 0 -1 -1 -1 -1 0 -1 -1 0 0 -1 0 -1 -1 0 0 0 0 -1 0 -1 0 -1 0 -1 0 -1 -1 -1 -1 -1 -1 0 0 -1 -1 -1 -1 -1
-1 0 -1 -1 -1 0 -1 -1 -1 -1 -1 0 -1 0 -1 -1 -1 0 -1 -1 -1 0 0 -1 -1 -1 0 0 -1 -1 0 -1 0 0 0 0 0 -1 0 -1 -1 0 0 0 0 -1 0 -1 -1 -1 -1 -1 0 0 0 -1 0 -1 0 0 -1 -1 -1 -1 -1 0 0 -1 -1 -1 -1 -1 0 -1 -1 -1 -1 -1 -1 0 -1 0 -1 -1 -1 -1 -1 -1 -1 0 -1 0 -1 -1 0 0 -1 0 -1 0 -1 0 0 -1 -1 -1 -1 -1 0 -1 -1 -1 -1 0 -1 0 0 -1 -1 0 -1 -1 -1 -1 -1 -1 -1 -1 -1 -1 0 -1 -1 0 -1 -1 0 -1 -1 -1 0 0 -1 0 -1 -1 -1 -1 -1 -1
-1 -1 0 -1 -1 -1 0 -1 0 -1 -1 0 -1 0 -1 0 -1 -1 -1 -1 -1 0 -1 -1 0 -1 -1 -1 0 -1 -1 0 -1 -1 -1 0 -1 -1 0 0 -1 -1 -1 0 -1 -1 -1 0 -1 -1 -1 0 0 -1 -1 0 -1 0 -1 -1 -1 0 -1 -1 0 -1 0 0 -1 -1 -1 0 -1 -1 0 -1 0 -1 -1 0 -1 0 0 -1 -1 -1 -1 -1 0 0 -1 -1 0 -1 -1 0 -1 0 -1 -1 0 0 -1 -1 -1 0 0 -1 -1 -1 -1 0 -1 -1 -1 -1 0 -1 -1 -1 0 -1 0 -1 -1 -1 -1 0 -1 -1 0 -1 -1 -1 -1 -1 -1 -1 -1 0 -1 0 -1 -1 -1 0 0 0 -1 -1
0 0 -1 -1 -1 -1 -1 -1 -1 -1 0 -1 -1 0 0 0 0 0 -1 0 -1 0 -1 -1 0 0 0 -1 0 -1 -1 0 -1 -1 0 0 -1 0 -1 -1 -1 0 0 0 0 -1 -1 -1 -1 -1 -1 -1 -1 -1 -1 -1 0 0 -1 -1 -1 -1 0 -1 0 0 -1 -1 0 -1 -1 -1 -1 -1 -1 0 -1 0 0 0 0 0 0 0 0 -1 0 -1 0 -1 -1 0 -1 0 -1 0 -1 -1 -1 -1 0 0 -1 -1 0 -1 -1 0 -1 -1 0 0 -1 -1 -1 -1 -1 0 0 -1 0 -1 -1 -1 -1 -1 -1 -1 0 -1 -1 0 0 -1 0 -1 -1 -1 0 0 -1 0 -1 0 0 -1 0 0 -1 -1
-1 -1 -1 0 -1 -1 -1 -1 -1 0 -1 0 -1 -1 0 -1 -1 0 0 -1 -1 0 0 -1 0 0 0 -1 -1 0 0 0 -1 -1 0 0 -1 0 0 -1 -1 0 0 0 0 -1 -1 -1 -1 -1 0 -1 -1 -1 0 -1 -1 0 -1 -1 -1 0 -1 0 -1 -1 0 -1 -1 -1 0 -1 -1 0 0 0 -1 0 0 0 -1 0 0 0 -1 0 0 0 -1 0 0 0 -1 -1 0 0 -1 -1 0 -1 -1 -1 -1 0 -1 -1 -1 -1 -1 -1 -1 -1 -1 -1 -1 0 -1 0 -1 0 -1 0 -1 0 -1 0 -1 -1 0 0 -1 -1 0 -1 0 0 0 -1 -1 -1 -1 0 0 -1 0 0 -1 -1 -1 0
150
6 0 6 -5 -10 0 -7 -2 -3 0 -7 0 0 4 0 0 -7 -6 -2 0 1 8 0 0 -7 10 0 9 0 4 -2 -7 -8 0 0 0 7 9 -7 0 0 0 10 -1 -4 5 -1 8 0 10 -6 8 7 -7 6 -1 0 10 -2 3 0 1 2 10 0 2 0 0 10 -10 0 -9 0 0 0 0 0 0 7 -7 3 9 -10 0 2 0 0 0 0 -1 0 0 0 6 8 0 -9 0 1 0 -4 -5 0 -6 0 0 0 3 0 0 8 -2 9 -7 0 -2 -4 2 0 -8 7 0 -8 0 -1 10 0 0 -9 0 -5 -1 0 -7 7 -2 -5 -5 0 0 -2 -7 -9 10 10 10 0 1 0 9 