60
60
0 0 0 -1 0 0 -1 0 0 -1 0 0 0 -1 0 -1 0 0 0 -1 0 -1 -1 0 -1 -1 -1 -1 0 -1 -1 0 -1 0 -1 -1 -1 0 -1 0 -1 -1 0 0 0 0 0 -1 -1 -1 -1 0 0 -1 0 0 -1 -1 0 0
-1 -1 0 -1 0 -1 0 0 0 -1 -1 0 -1 0 -1 -1 -1 -1 0 -1 0 0 0 -1 -1 -1 0 0 -1 -1 -1 0 0 -1 -1 -1 0 0 -1 -1 -1 -1 -1 -1 -1 0 -1 -1 -1 0 0 -1 0 0 0 -1 -1 -1 -1 0
0 0 0 0 -1 0 0 -1 -1 0 -1 -1 -1 0 -1 -1 -1 -1 -1 0 0 -1 0 0 -1 0 0 0 -1 0 0 0 0 -1 0 0 0 -1 0 -1 -1 0 0 0 0 0 0 0 -1 0 -1 0 -1 -1 -1 0 -1 0 -1 0
-1 0 0 0 0 -1 -1 0 -1 0 0 0 -1 -1 0 0 -1 0 -1 -1 0 0 0 0 -1 -1 0 -1 0 -1 -1 -1 -1 0 -1 0 0 -1 0 0 0 -1 -1 0 -1 -1 -1 -1 -1 0 -1 0 0 0 0 -1 -1 0 -1 0
-1 -1 0 -1 0 0 0 -1 -1 -1 0 -1 0 0 -1 -1 0 -1 0 0 0 -1 0 -1 0 -1 -1 0 0 -1 -1 -1 -1 0 0 0 -1 -1 0 -1 -1 -1 -1 0 -1 -1 -1 0 -1 -1 0 -1 -1 -1 0 0 0 0 -1 0
-1 0 0 -1 -1 0 -1 -1 -1 -1 0 0 0 -1 0 0 -1 -1 -1 -1 -1 0 -1 -1 -1 -1 0 0 0 0 0 0 0 -1 0 0 0 -1 0 0 -1 0 0 0 -1 0 0 0 -1 -1 0 0 -1 -1 0 -1 -1 -1 0 0
-1 0 -1 0 -1 -1 -1 0 0 -1 0 -1 0 0 0 -1 -1 -1 0 -1 0 -1 -1 0 0 0 0 -1 0 -1 -1 0 0 0 -1 0 -1 0 -1 -1 -1 -1 0 -1 -1 0 0 -1 -1 -1 -1 0 -1 -1 -1 0 0 0 -1 0
-1 -1 0 -1 0 -1 0 0 0 0 -1 -1 0 0 -1 0 0 -1 0 0 0 -1 0 -1 -1 -1 0 0 -1 -1 -1 -1 -1 -1 -1 -1 0 -1 0 0 -1 0 0 0 0 -1 0 -1 -1 0 0 0 -1 0 -1 0 0 -1 -1 0
0 -1 0 0 0 -1 0 -1 -1 0 -1 0 -1 0 -1 -1 -1 -1 0 -1 -1 0 -1 0 -1 0 0 0 -1 -1 -1 -1 0 -1 -1 0 -1 -1 -1 -1 0 0 0 -1 -1 0 0 -1 0 -1 -1 -1 -1 -1 0 -1 -1 0 -1 0
0 0 0 0 -1 0 -1 0 0 -1 -1 0 -1 -1 0 -1 -1 0 0 -1 -1 0 -1 -1 0 -1 0 0 -1 0 -1 0 0 0 0 -1 -1 0 0 -1 -1 -1 -1 -1 0 0 0 -1 -1 0 -1 0 0 -1 -1 0 0 -1 -1 -1
0 0 0 0 0 0 0 0 -1 0 0 0 0 0 0 0 0 -1 -1 -1 -1 -1 0 -1 -1 0 0 -1 0 0 0 0 -1 0 -1 -1 0 -1 -1 -1 -1 0 0 -1 0 -1 -1 -1 0 -1 -1 0 0 0 0 0 0 -1 0 -1
-1 0 -1 0 -1 0 0 -1 0 0 -1 0 -1 -1 -1 0 0 0 0 -1 -1 0 -1 0 0 -1 -1 -1 0 0 0 0 0 0 0 0 0 0 0 0 -1 -1 -1 -1 0 -1 0 0 -1 -1 0 -1 0 -1 0 -1 -1 0 -1 0
-1 0 0 -1 0 0 0 0 -1 0 0 0 -1 -1 -1 -1 -1 -1 -1 -1 0 0 -1 0 0 0 -1 -1 -1 0 -1 -1 0 0 0 0 0 0 0 -1 -1 0 0 -1 0 0 0 0 0 0 -1 -1 0 -1 0 -1 -1 -1 0 -1
0 0 -1 0 -1 0 -1 -1 0 0 -1 0 0 0 0 -1 -1 -1 0 -1 0 0 -1 0 0 -1 0 -1 0 0 -1 0 0 0 -1 0 0 -1 0 0 -1 -1 -1 -1 0 -1 0 -1 -1 -1 -1 -1 0 -1 0 0 -1 -1 -1 0
-1 -1 -1 -1 0 0 0 -1 0 0 0 0 0 -1 -1 0 -1 -1 -1 0 -1 0 0 0 0 0 -1 0 -1 0 0 -1 -1 0 -1 0 -1 -1 0 0 0 0 -1 0 0 0 -1 0 0 -1 -1 -1 0 -1 0 -1 -1 0 -1 -1
0 0 0 0 0 -1 0 0 -1 -1 0 -1 -1 0 -1 0 0 -1 -1 0 -1 -1 -1 -1 0 -1 0 0 0 0 -1 0 0 0 0 -1 -1 0 -1 -1 -1 -1 0 0 0 -1 0 0 -1 -1 0 0 0 -1 -1 -1 0 -1 0 -1
-1 -1 -1 -1 -1 -1 -1 -1 0 -1 0 -1 0 0 0 0 -1 -1 -1 -1 -1 -1 -1 0 0 -1 -1 0 -1 -1 -1 -1 0 -1 0 0 -1 0 -1 -1 -1 0 0 -1 -1 0 0 -1 0 -1 0 0 -1 0 0 -1 0 0 0 -1
-1 0 0 0 0 -1 -1 -1 0 -1 0 -1 -1 -1 -1 -1 0 -1 -1 0 0 -1 -1 0 -1 0 0 0 0 -1 -1 0 0 -1 0 -1 -1 -1 -1 0 -1 0 -1 -1 -1 -1 0 0 -1 0 -1 0 0 0 0 0 0 0 -1 0
0 0 -1 0 -1 0 -1 0 0 -1 0 -1 -1 -1 -1 0 0 0 0 -1 -1 -1 -1 0 0 0 -1 0 0 -1 0 0 0 -1 0 0 0 -1 0 -1 -1 -1 -1 -1 0 -1 -1 0 0 0 0 -1 -1 0 -1 0 0 0 0 -1
-1 -1 -1 0 0 0 -1 0 0 -1 0 0 0 0 0 -1 -1 0 0 0 0 0 -1 0 -1 -1 -1 -1 0 -1 0 0 -1 -1 -1 -1 -1 0 0 0 0 0 0 -1 0 -1 -1 0 -1 -1 -1 0 -1 -1 0 0 -1 0 -1 -1
0 -1 0 -1 -1 -1 -1 -1 -1 0 -1 0 0 0 -1 0 0 -1 0 0 -1 -1 -1 0 0 0 -1 -1 -1 0 -1 -1 -1 -1 -1 0 -1 0 0 -1 0 -1 0 -1 0 0 -1 -1 -1 0 -1 0 -1 -1 0 -1 -1 0 -1 -1
-1 -1 0 -1 0 -1 0 0 -1 -1 0 0 -1 -1 0 0 -1 0 -1 -1 -1 0 0 -1 0 -1 0 0 0 -1 -1 0 0 -1 -1 0 0 0 0 0 -1 0 -1 -1 0 -1 -1 -1 0 0 -1 0 -1 0 -1 0 -1 0 0 -1
0 -1 0 -1 0 0 -1 0 0 0 0 0 -1 0 0 -1 -1 -1 0 -1 -1 -1 -1 0 -1 -1 -1 -1 0 0 -1 0 0 0 -1 0 0 -1 -1 0 0 0 0 -1 0 -1 0 -1 0 0 -1 -1 0 -1 0 -1 -1 -1 0 0
0 0 0 0 0 -1 0 -1 0 -1 0 0 -1 0 0 0 -1 0 -1 0 0 -1 -1 -1 0 -1 0 -1 0 0 -1 -1 0 0 0 0 0 -1 0 0 -1 -1 0 -1 -1 -1 -1 0 -1 0 0 -1 0 0 -1 -1 0 -1 -1 0
0 0 -1 0 -1 -1 0 0 -1 0 0 -1 -1 0 -1 -1 -1 0 -1 -1 -1 0 -1 0 -1 0 0 -1 0 0 -1 -1 0 0 0 -1 0 0 -1 -1 0 0 -1 0 -1 0 0 -1 -1 -1 0 -1 0 -1 0 0 0 -1 -1 -1
-1 0 0 -1 0 -1 -1 -1 0 -1 0 -1 -1 0 -1 0 0 -1 0 0 -1 -1 -1 0 0 0 -1 -1 -1 0 -1 0 0 -1 0 -1 0 0 -1 0 -1 -1 -1 -1 0 0 -1 0 0 0 0 -1 -1 0 -1 -1 -1 0 -1 -1
0 0 0 0 0 0 -1 0 0 -1 -1 0 -1 -1 0 -1 -1 0 -1 -1 -1 0 -1 0 0 -1 0 0 0 0 -1 0 -1 -1 0 -1 -1 0 -1 -1 0 -1 -1 0 -1 0 0 0 0 -1 0 0 0 0 -1 0 -1 0 -1 -1
-1 -1 0 0 0 0 0 -1 -1 0 -1 -1 0 0 0 0 -1 -1 0 -1 0 0 0 -1 -1 0 -1 -1 0 -1 -1 -1 0 0 0 0 -1 0 0 0 -1 0 -1 0 -1 -1 -1 -1 0 -1 -1 0 -1 -1 -1 -1 -1 -1 0 0
-1 -1 0 0 -1 -1 -1 0 -1 -1 -1 -1 0 0 0 0 -1 -1 0 -1 0 -1 -1 0 -1 0 0 0 0 -1 -1 -1 -1 0 0 -1 -1 -1 -1 0 -1 -1 0 -1 0 -1 0 0 0 0 0 -1 -1 0 -1 0 -1 -1 -1 -1
-1 -1 0 0 0 0 -1 0 -1 0 -1 -1 -1 0 0 0 -1 -1 0 -1 0 0 -1 -1 0 0 0 -1 0 0 -1 0 0 0 0 0 -1 0 -1 -1 -1 0 -1 0 -1 -1 -1 -1 0 -1 -1 0 0 -1 -1 -1 0 0 -1 0
-1 0 0 -1 -1 0 -1 -1 0 -1 0 -1 -1 0 0 0 -1 -1 -1 0 -1 0 0 0 0 -1 0 0 -1 0 0 -1 0 -1 -1 0 0 -1 0 0 -1 -1 0 0 -1 0 -1 -1 0 -1 -1 0 0 -1 0 -1 -1 0 0 -1
-1 0 -1 0 0 0 -1 0 -1 -1 0 0 -1 -1 0 -1 -1 -1 0 0 -1 0 0 0 -1 0 -1 -1 -1 -1 -1 -1 0 -1 0 0 0 0 -1 0 0 0 -1 0 0 -1 0 0 -1 -1 -1 -1 -1 0 -1 0 0 -1 0 0
0 0 0 -1 0 -1 0 -1 0 0 -1 -1 0 -1 0 -1 -1 0 0 0 0 -1 -1 -1 -1 -1 -1 0 -1 -1 -1 -1 0 0 0 0 0 0 0 0 0 0 -1 0 0 0 -1 -1 0 0 -1 -1 -1 0 -1 -1 -1 -1 0 -1
-1 0 -1 -1 -1 -1 -1 -1 -1 -1 -1 -1 -1 0 0 0 0 0 0 -1 0 -1 0 -1 0 -1 0 0 0 -1 0 0 -1 0 0 0 -1 -1 -1 -1 -1 -1 -1 0 -1 -1 0 0 0 -1 -1 -1 0 0 0 -1 -1 0 0 -1
-1 -1 -1 0 0 0 0 0 -1 0 0 -1 -1 0 -1 -1 0 -1 0 -1 0 -1 0 -1 -1 -1 -1 0 0 0 -1 0 0 0 0 -1 0 -1 -1 0 0 -1 -1 -1 -1 0 -1 0 0 0 0 -1 0 -1 -1 -1 0 0 -1 -1
0 -1 0 -1 -1 -1 -1 0 -1 0 0 -1 -1 -1 0 0 0 -1 -1 -1 -1 -1 -1 -1 0 -1 -1 0 0 -1 0 -1 0 0 -1 0 -1 -1 0 0 0 -1 0 -1 0 -1 -1 0 -1 0 0 0 0 0 -1 0 0 -1 -1 -1
0 0 -1 -1 -1 -1 0 0 -1 0 0 -1 -1 0 -1 -1 0 -1 0 0 0 0 -1 0 0 0 -1 0 0 0 -1 -1 0 0 0 0 -1 0 0 -1 0 0 0 0 0 0 -1 0 -1 -1 -1 -1 0 0 0 0 -1 0 -1 0
-1 -1 0 -1 -1 -1 0 -1 -1 -1 0 0 0 -1 0 -1 -1 0 0 -1 0 -1 0 0 0 -1 0 0 0 0 0 -1 -1 -1 0 -1 -1 0 -1 0 -1 0 0 0 -1 -1 0 -1 -1 0 -1 -1 -1 0 0 0 -1 -1 0 0
-1 0 0 0 0 0 0 0 0 0 0 -1 -1 0 0 -1 0 0 0 0 0 -1 0 0 -1 -1 -1 0 -1 -1 0 0 -1 0 0 -1 -1 0 -1 0 -1 0 0 -1 0 -1 -1 0 -1 -1 -1 0 -1 -1 -1 -1 0 -1 -1 -1
-1 -1 -1 -1 0 0 0 0 -1 0 0 -1 -1 0 -1 -1 0 0 0 -1 0 0 -1 0 -1 0 -1 0 -1 -1 -1 -1 -1 0 -1 -1 -1 0 -1 0 0 -1 0 0 0 0 -1 0 -1 -1 0 -1 0 -1 0 0 -1 0 0 0
0 -1 -1 0 0 0 0 -1 0 0 0 0 -1 0 0 0 -1 -1 -1 -1 -1 0 0 -1 0 0 -1 0 0 0 0 -1 -1 -1 -1 0 -1 0 0 -1 -1 -1 0 -1 -1 -1 0 0 -1 0 -1 0 -1 0 0 0 -1 -1 -1 0
0 0 -1 -1 -1 -1 -1 -1 -1 0 -1 0 -1 -1 0 0 -1 -1 -1 0 0 0 -1 0 -1 -1 -1 -1 0 0 0 -1 -1 0 0 0 0 -1 -1 0 0 -1 -1 0 0 0 0 0 0 -1 0 0 -1 -1 0 -1 -1 0 -1 -1
0 -1 -1 -1 -1 -1 -1 -1 0 0 0 0 0 0 0 -1 -1 -1 0 0 0 -1 0 0 -1 0 0 0 0 0 -1 -1 0 -1 -1 0 0 0 0 -1 -1 -1 0 -1 -1 -1 0 0 -1 0 0 0 -1 0 0 0 -1 -1 -1 0
-1 -1 0 -1 0 -1 -1 -1 -1 0 0 0 -1 -1 -1 -1 0 -1 -1 0 0 0 -1 -1 -1 -1 -1 0 0 -1 -1 0 0 -1 0 -1 0 -1 0 0 -1 0 0 0 0 0 -1 0 -1 -1 -1 0 0 -1 -1 0 0 -1 -1 0
-1 -1 -1 -1 0 -1 -1 0 0 -1 -1 -1 -1 0 -1 -1 0 0 0 -1 -1 0 0 -1 -1 0 -1 -1 0 0 0 -1 0 -1 -1 -1 0 -1 -1 0 -1 -1 -1 -1 -1 -1 -1 -1 0 0 -1 -1 0 -1 -1 -1 -1 -1 0 0
0 0 -1 -1 -1 -1 -1 -1 -1 0 0 0 0 0 -1 0 -1 0 -1 0 -1 -1 0 -1 0 0 0 -1 -1 -1 0 -1 0 -1 0 -1 -1 0 0 0 -1 -1 -1 0 -1 -1 0 -1 0 0 0 -1 -1 0 0 -1 0 -1 -1 0
0 0 -1 0 -1 0 0 -1 -1 -1 0 -1 -1 0 0 -1 0 0 0 -1 0 0 0 -1 -1 -1 0 -1 -1 0 0 -1 0 0 -1 0 -1 0 -1 -1 0 -1 0 -1 0 -1 0 -1 -1 -1 -1 0 -1 -1 0 -1 0 0 0 -1
-1 -1 -1 0 0 0 -1 0 -1 0 -1 -1 -1 0 -1 0 -1 -1 0 -1 -1 0 0 0 0 0 -1 -1 0 0 0 0 0 0 0 -1 -1 0 -1 0 -1 0 -1 0 -1 0 0 0 0 0 0 0 -1 -1 -1 0 0 0 0 -1
0 -1 0 -1 -1 0 -1 -1 0 0 -1 0 0 0 0 0 -1 -1 0 0 -1 0 -1 -1 -1 0 -1 0 0 0 -1 -1 -1 0 0 0 0 0 0 0 -1 0 0 0 0 -1 0 -1 0 0 -1 -1 -1 -1 -1 -1 0 -1 0 -1
-1 -1 -1 0 0 -1 0 0 0 -1 0 0 -1 0 0 0 -1 0 -1 -1 -1 0 0 -1 -1 -1 -1 -1 0 0 0 -1 0 0 -1 0 -1 0 0 -1 0 0 0 -1 0 0 0 -1 0 0 0 0 0 -1 0 0 -1 -1 -1 -1
0 0 0 -1 0 0 -1 0 0 -1 0 0 -1 -1 0 0 0 -1 0 -1 0 0 -1 -1 -1 -1 0 0 -1 -1 0 0 -1 0 -1 -1 0 -1 0 0 -1 0 0 -1 -1 -1 -1 0 -1 -1 -1 -1 0 0 -1 0 -1 -1 0 -1
0 0 -1 0 -1 0 -1 0 -1 0 0 0 -1 0 0 0 0 -1 0 -1 -1 -1 0 0 -1 0 -1 -1 0 0 0 0 0 -1 -1 -1 0 -1 -1 -1 0 -1 0 -1 0 -1 0 -1 -1 0 -1 -1 0 -1 -1 -1 -1 0 0 -1
-1 0 0 0 -1 -1 -1 0 0 -1 0 0 -1 0 0 0 0 0 0 -1 -1 0 -1 0 0 0 -1 -1 0 0 0 0 0 -1 -1 0 -1 0 -1 -1 0 -1 -1 -1 0 -1 -1 0 0 -1 -1 -1 -1 -1 -1 0 -1 0 -1 -1
0 -1 -1 -1 0 -1 -1 0 0 0 0 0 0 -1 0 -1 0 0 0 -1 -1 -1 0 -1 -1 -1 -1 -1 0 -1 0 0 -1 0 -1 -1 -1 0 -1 -1 -1 0 -1 -1 -1 0 -1 -1 -1 -1 -1 -1 0 -1 -1 0 0 -1 -1 0
-1 0 -1 -1 -1 0 -1 -1 0 0 0 -1 -1 0 -1 -1 -1 -1 0 0 0 0 0 0 -1 -1 0 0 -1 0 0 -1 0 -1 -1 -1 0 0 -1 -1 0 0 0 0 -1 -1 0 -1 0 -1 -1 -1 -1 0 -1 -1 -1 -1 0 0
-1 -1 -1 -1 -1 -1 0 0 -1 0 0 -1 0 0 0 -1 -1 0 -1 -1 -1 -1 0 0 0 -1 -1 -1 0 -1 0 -1 -1 -1 0 0 -1 0 0 0 0 0 0 -1 0 0 -1 0 -1 -1 -1 -1 0 -1 -1 -1 0 -1 -1 0
-1 0 0 -1 -1 0 -1 0 -1 0 0 -1 -1 -1 0 0 -1 0 -1 -1 -1 -1 0 0 0 0 -1 -1 0 0 -1 -1 -1 0 0 0 -1 -1 -1 -1 -1 0 -1 0 -1 -1 -1 0 -1 0 -1 -1 -1 -1 -1 0 -1 -1 -1 0
-1 0 0 0 0 0 0 0 -1 0 0 -1 -1 0 -1 0 -1 0 0 -1 -1 -1 -1 -1 -1 -1 -1 -1 0 -1 0 -1 -1 -1 0 -1 -1 0 -1 -1 -1 -1 -1 0 -1 0 -1 -1 -1 -1 0 0 0 0 0 0 -1 -1 0 -1
0 -1 0 0 0 0 -1 0 0 0 0 -1 -1 -1 -1 -1 0 -1 0 -1 0 -1 0 0 0 -1 -1 0 -1 -1 -1 0 -1 0 0 0 0 0 0 0 0 -1 -1 -1 0 -1 0 0 0 0 -1 -1 -1 -1 -1 -1 0 0 0 -1
0 -1 -1 -1 -1 -1 -1 -1 -1 0 0 0 0 -1 0 -1 -1 0 0 -1 0 0 0 0 -1 0 0 -1 0 -1 -1 -1 -1 0 -1 -1 -1 -1 -1 0 -1 0 -1 0 -1 0 0 -1 -1 0 -1 -1 -1 -1 -1 -1 0 0 0 0
60
-1 8 -7 -1 5 0 5 -1 0 8 3 3 -1 0 0 -8 0 0 0 0 -1 -6 0 -1 6 -8 0 -9 0 -1 -8 0 0 0 0 0 0 1 0 0 -7 0 0 0 0 0 8 -1 -9 -4 -1 -6 3 0 0 6 0 0 0 0 