100
100
0 0 -1 -1 0 0 0 -1 0 -1 0 0 -1 -1 -1 0 4 -1 -1 0 -1 -1 -1 -1 0 0 -1 0 0 -1 0 -1 -1 0 0 -1 -1 -1 -1 -1 -1 -1 0 -1 0 -1 -1 -1 -1 0 -1 -1 -1 -1 -1 -1 -1 -1 0 0 0 0 -1 -1 0 0 0 0 -1 0 0 -1 -1 0 -1 0 0 -1 -1 -1 -1 -1 -1 -1 0 0 -1 -1 -1 0 -1 0 -1 -1 -1 0 0 -1 0 -1
0 0 -1 -1 0 0 -1 -1 0 0 -1 -1 -1 -1 0 0 0 -1 0 0 -1 -1 -1 -1 -1 0 -1 -1 -1 -1 0 -1 -1 -1 0 0 0 -1 0 0 -1 0 -1 0 0 0 0 0 -1 -1 0 -1 -1 0 -1 -1 0 0 0 -1 -1 0 -1 0 0 0 0 0 -1 0 -1 -1 0 -1 0 0 -1 -1 0 -1 0 -1 0 -1 -1 -1 -1 0 -1 0 0 -1 0 0 -1 -1 -1 0 -1 -1
0 0 0 -1 -1 0 -1 0 0 0 0 -1 0 0 0 0 0 0 -1 0 -1 0 0 0 0 0 -1 0 0 -1 -1 0 -1 0 0 0 0 0 -1 -1 -1 -1 -1 0 0 -1 -1 -1 -1 -1 -1 0 -1 -1 0 -1 -1 0 -1 0 -1 0 -1 -1 0 -1 0 -1 0 -1 -1 -1 0 0 -1 0 0 0 0 0 -1 -1 -1 0 -1 0 -1 -1 -1 0 -1 0 0 0 0 -1 -1 0 0 0
-1 0 0 -1 0 0 0 0 -1 0 0 0 -1 -1 -1 -1 -1 0 -1 -1 0 0 0 -1 -1 -1 0 0 -1 -1 -1 0 -1 0 0 -1 -1 0 0 0 0 -1 0 -1 0 0 -1 0 -1 -1 -1 -1 0 -1 0 0 0 -1 0 0 -1 -1 -1 -1 -1 0 -1 -1 0 -1 0 0 -1 0 0 0 0 0 0 0 0 -1 0 -1 0 -1 -1 -1 -1 -1 0 -1 0 0 -1 -1 0 0 0 -1
-1 0 0 0 -1 -1 -1 0 0 0 0 0 0 0 -1 -1 0 -1 -1 -1 -1 -1 0 0 -1 0 -1 0 0 0 0 -1 -1 0 -1 0 0 0 0 0 0 0 -1 -1 0 0 -1 -1 0 -1 0 0 -1 0 -1 0 0 0 0 -1 0 -1 -1 0 0 0 0 0 0 0 -1 -1 0 0 0 0 -1 -1 0 0 -1 -1 -1 -1 -1 -1 0 0 0 0 -1 -1 -1 -1 0 0 0 0 0 0
-1 -1 -1 -1 -1 -1 0 0 -1 -1 0 0 0 -1 -1 0 0 0 0 -1 -1 0 0 -1 -1 0 -1 0 -1 0 -1 0 0 -1 0 0 0 0 0 0 -1 -1 0 -1 0 -1 0 -1 0 0 -1 0 0 -1 -1 -1 -1 0 0 -1 0 -1 0 -1 -1 0 0 0 0 -1 0 0 -1 -1 0 0 0 -1 0 0 -1 -1 0 0 0 -1 0 0 -1 0 0 0 0 -1 -1 0 0 0 -1 0
0 -1 -1 -1 0 -1 0 -1 -1 -1 -1 0 0 -1 -1 0 0 0 0 -1 -1 0 -1 0 0 0 -1 0 -1 -1 0 0 0 0 0 -1 0 0 -1 -1 -1 -1 0 -1 0 0 0 0 -1 0 0 -1 0 0 0 0 -1 0 -1 0 0 0 -1 0 0 0 -1 -1 0 -1 0 -1 -1 -1 0 0 0 0 0 -1 -1 -1 0 -1 0 0 0 0 0 -1 -1 -1 0 -1 -1 -1 -1 -1 -1 -1
-1 0 -1 -1 0 -1 0 0 0 0 0 -1 0 0 -1 -1 -1 -1 0 0 0 0 -1 -1 0 0 -1 0 -1 -1 0 0 0 -1 0 -1 0 0 -1 0 0 -1 -1 0 -1 0 -1 0 0 -1 -1 -1 -1 -1 0 0 -1 -1 0 0 -1 0 0 -1 0 -1 0 -1 -1 0 -1 -1 -1 0 -1 -1 0 0 0 -1 -1 -1 0 0 0 0 -1 0 -1 -1 0 -1 -1 0 -1 -1 0 -1 -1 0
0 0 -1 0 0 0 -1 0 -1 0 -1 -1 -1 -1 -1 -1 -1 0 -1 0 -1 -1 -1 -1 -1 -1 -1 0 0 0 -1 -1 -1 0 0 0 -1 -1 -1 -1 -1 -1 -1 -1 0 -1 -1 0 0 0 -1 -1 0 -1 -1 0 0 -1 -1 -1 0 -1 -1 0 -1 -1 0 0 -1 0 -1 -1 -1 -1 0 0 0 -1 -1 0 0 0 -1 -1 -1 0 -1 -1 -1 0 0 -1 0 -1 -1 -1 0 0 -1 -1
-1 -1 -1 -1 -1 -1 -1 0 0 0 0 0 0 0 0 -1 -1 0 -1 0 -1 -1 -1 0 -1 -1 0 -1 0 0 -1 -1 0 -1 -1 0 0 -1 0 -1 -1 0 -1 -1 -1 0 0 0 0 -1 -1 0 0 0 -1 -1 0 0 0 0 0 0 -1 0 -1 0 0 0 0 0 -1 0 0 -1 0 0 0 0 -1 0 0 0 0 -1 0 0 -1 0 0 0 -1 -1 -1 0 -1 0 0 0 0 0
-1 0 -1 0 -1 -1 0 0 -1 0 0 0 -1 0 -1 -1 0 -1 0 -1 -1 0 0 -1 -1 0 0 -1 -1 0 -1 -1 0 -1 0 -1 -1 0 -1 0 -1 0 0 -1 -1 0 -1 -1 0 -1 0 0 0 0 -1 -1 0 -1 0 -1 0 -1 -1 0 -1 -1 0 -1 -1 0 0 -1 -1 0 -1 0 -1 -1 0 0 0 0 0 -1 -1 0 0 -1 0 -1 -1 0 0 -1 0 0 0 -1 -1 0
-1 -1 0 -1 -1 -1 -1 0 0 -1 0 0 0 0 0 0 -1 0 0 0 0 -1 -1 0 -1 -1 0 -1 0 -1 0 0 -1 -1 0 -1 0 -1 0 -1 0 -1 0 -1 -1 -1 -1 0 0 -1 -1 0 -1 -1 -1 -1 0 0 0 -1 0 0 0 0 -1 0 0 -1 -1 -1 -1 -1 0 0 0 0 0 -1 -1 -1 0 -1 -1 0 -1 -1 -1 0 0 -1 0 0 -1 0 0 0 -1 0 -1 -1
0 0 -1 -1 -1 -1 0 0 -1 0 -1 -1 0 -1 0 0 -1 -1 0 -1 -1 -1 0 -1 -1 0 -1 0 -1 -1 0 0 0 0 0 0 -1 -1 -1 0 -1 -1 -1 -1 0 0 0 -1 -1 -1 0 0 -1 -1 0 0 0 0 -1 0 -1 -1 -1 0 0 0 -1 -1 -1 -1 0 -1 -1 -1 0 0 0 0 -1 -1 -1 0 -1 -1 -1 0 -1 0 -1 -1 -1 0 -1 0 -1 0 0 -1 0 0
0 0 0 0 0 -1 -1 -1 -1 0 -1 -1 -1 0 0 -1 0 -1 0 0 0 -1 0 0 -1 -1 0 -1 0 0 0 0 -1 0 0 0 0 -1 0 -1 0 0 -1 -1 -1 0 0 0 -1 0 0 0 -1 -1 -1 -1 -1 0 -1 0 0 -1 0 -1 0 0 -1 -1 -1 -1 0 0 -1 0 0 0 0 -1 0 0 -1 0 -1 0 0 -1 -1 -1 0 0 0 -1 0 0 0 0 0 -1 0 0
-1 -1 -1 0 0 -1 0 -1 -1 -1 -1 0 0 0 -1 -1 0 -1 -1 -1 -1 -1 0 0 0 0 0 0 -1 -1 -1 0 0 0 0 -1 0 -1 -1 0 -1 0 0 0 0 -1 0 0 -1 0 -1 -1 -1 -1 0 0 -1 -1 -1 0 -1 -1 0 -1 0 -1 0 -1 0 -1 -1 -1 0 0 0 -1 0 0 -1 0 0 -1 -1 -1 -1 -1 -1 -1 -1 -1 0 -1 -1 0 -1 -1 -1 0 0 -1
-1 -1 -1 -1 -1 0 -1 0 0 0 0 0 -1 -1 -1 0 0 -1 0 -1 0 -1 0 -1 0 0 -1 -1 0 -1 0 -1 0 -1 -1 -1 0 -1 0 0 -1 -1 -1 0 0 0 -1 -1 0 -1 0 0 -1 -1 -1 0 0 -1 0 -1 -1 -1 -1 0 -1 0 0 -1 -1 0 0 -1 0 -1 -1 -1 -1 0 -1 0 0 0 -1 -1 -1 -1 0 -1 0 -1 0 0 0 -1 0 0 0 -1 -1 -1
0 0 -1 0 0 0 -1 -1 -1 -1 0 -1 0 0 0 0 0 -1 -1 0 -1 0 0 -1 0 -1 0 0 0 0 -1 -1 -1 -1 -1 -1 0 0 -1 0 -1 0 -1 0 0 0 -1 -1 0 0 0 0 -1 0 0 -1 0 -1 -1 -1 0 0 0 -1 0 0 0 -1 -1 0 0 -1 -1 -1 -1 0 -1 0 0 -1 -1 0 -1 -1 -1 -1 0 -1 0 0 -1 0 0 0 -1 -1 -1 0 -1 -1
0 -1 -1 -1 -1 -1 -1 -1 0 -1 -1 0 -1 -1 -1 -1 -1 0 0 0 -1 -1 0 0 0 -1 -1 0 -1 0 0 -1 -1 -1 -1 -1 -1 0 0 0 -1 -1 -1 -1 0 0 0 -1 -1 0 0 -1 -1 0 -1 -1 -1 0 -1 0 0 -1 0 0 0 -1 -1 0 0 0 -1 0 -1 -1 0 -1 -1 -1 0 -1 0 0 -1 -1 0 0 0 0 0 -1 0 0 -1 -1 0 0 0 0 0 0
0 -1 -1 -1 0 0 -1 0 0 -1 0 0 -1 0 0 -1 -1 -1 -1 -1 -1 -1 0 0 -1 -1 -1 -1 -1 0 0 -1 0 -1 0 0 0 -1 0 -1 0 -1 -1 0 0 0 0 0 -1 -1 0 0 0 -1 -1 0 -1 0 0 0 0 0 0 -1 0 0 0 0 0 0 -1 -1 -1 0 -1 -1 0 0 -1 0 -1 0 0 -1 0 -1 0 -1 0 0 -1 -1 0 0 0 -1 -1 -1 0 0
0 0 0 0 0 0 -1 -1 -1 -1 0 -1 0 -1 0 -1 0 -1 -1 -1 0 -1 0 0 0 0 -1 0 -1 -1 0 0 0 -1 -1 -1 -1 0 -1 -1 -1 -1 -1 0 -1 0 -1 -1 -1 -1 0 -1 0 0 0 -1 0 -1 0 -1 -1 -1 -1 0 -1 -1 0 -1 -1 -1 -1 0 -1 -1 0 0 -1 0 0 -1 0 0 -1 0 0 0 0 -1 -1 0 -1 -1 0 -1 -1 0 0 -1 0 0
0 -1 0 0 0 -1 -1 -1 0 -1 0 -1 0 -1 -1 0 0 0 0 -1 0 -1 -1 -1 -1 -1 -1 -1 -1 -1 -1 -1 0 -1 -1 0 0 -1 0 -1 -1 0 0 0 -1 -1 0 0 -1 0 0 0 -1 -1 0 0 0 -1 -1 0 0 0 -1 0 0 0 0 0 -1 0 -1 -1 -1 0 0 0 0 -1 -1 0 0 0 -1 -1 0 0 0 0 0 -1 -1 0 0 0 0 -1 -1 0 0 0
0 -1 0 -1 -1 -1 0 -1 -1 0 -1 0 0 -1 -1 -1 -1 -1 0 0 -1 -1 0 -1 -1 0 0 0 -1 0 0 -1 -1 -1 -1 -1 -1 0 0 -1 0 0 -1 0 -1 0 0 -1 -1 0 0 0 -1 0 -1 -1 -1 0 -1 0 0 0 0 0 0 -1 -1 -1 0 -1 -1 0 -1 -1 0 0 0 0 0 -1 -1 -1 0 -1 0 -1 -1 -1 -1 0 -1 0 0 0 -1 -1 -1 -1 -1 -1
-1 -1 0 -1 -1 0 0 -1 0 0 -1 0 0 0 -1 0 -1 0 -1 0 -1 0 -1 -1 -1 0 -1 0 0 0 0 -1 0 -1 -1 0 -1 -1 0 -1 -1 0 0 0 0 -1 0 -1 0 0 0 0 0 0 -1 0 -1 -1 -1 0 -1 -1 -1 0 0 -1 0 -1 0 -1 -1 0 -1 -1 0 0 -1 0 0 -1 0 0 0 -1 -1 0 0 0 -1 0 0 -1 -1 0 -1 0 -1 0 -1 -1
0 0 -1 0 -1 -1 -1 0 -1 0 -1 0 0 -1 -1 -1 -1 0 0 0 0 -1 0 0 0 -1 0 0 0 0 0 0 0 -1 -1 -1 0 -1 0 -1 0 -1 -1 -1 -1 0 0 -1 0 -1 0 -1 0 0 0 -1 -1 -1 0 -1 -1 0 -1 0 -1 0 0 0 0 0 0 0 0 0 -1 0 0 -1 0 -1 0 -1 0 0 0 -1 0 0 -1 0 -1 0 0 0 -1 0 -1 0 0 -1
0 -1 0 -1 0 0 -1 0 0 -1 0 -1 -1 0 0 -1 0 0 0 0 0 0 -1 0 -1 -1 0 0 0 -1 -1 0 -1 0 -1 0 -1 0 -1 -1 0 -1 -1 -1 -1 -1 0 -1 0 0 -1 0 0 -1 -1 -1 0 -1 0 -1 -1 -1 0 0 0 0 -1 -1 -1 0 -1 0 -1 -1 -1 -1 0 -1 -1 0 0 -1 -1 -1 -1 0 -1 -1 -1 0 -1 0 0 0 -1 0 0 0 0 -1
0 -1 -1 -1 0 -1 0 0 -1 -1 0 0 -1 0 -1 -1 -1 -1 0 0 -1 -1 -1 0 0 0 -1 0 -1 -1 -1 -1 -1 0 -1 0 0 -1 0 0 0 -1 -1 -1 0 0 -1 -1 0 0 0 0 0 0 -1 0 -1 0 -1 -1 -1 -1 0 0 0 0 0 0 -1 0 -1 -1 0 0 -1 -1 0 -1 -1 0 0 -1 -1 0 0 -1 0 -1 0 0 -1 -1 -1 0 -1 0 0 0 0 0
0 -1 -1 0 0 0 0 0 0 0 -1 0 0 0 -1 -1 -1 -1 -1 -1 0 -1 0 -1 0 -1 -1 0 -1 -1 -1 0 0 0 -1 0 0 0 -1 -1 -1 0 -1 0 0 -1 -1 0 0 0 -1 0 -1 -1 0 0 -1 0 0 -1 -1 -1 -1 -1 0 0 -1 -1 0 -1 0 -1 0 -1 -1 -1 0 -1 -1 0 0 0 0 0 0 -1 -1 0 0 -1 0 -1 -1 0 -1 -1 -1 0 0 -1
0 0 0 0 -1 -1 0 -1 -1 -1 0 0 0 0 -1 -1 -1 0 -1 0 -1 0 -1 -1 -1 -1 0 -1 0 0 0 -1 -1 0 -1 -1 -1 0 -1 0 -1 0 -1 -1 -1 -1 -1 -1 0 -1 0 0 0 -1 -1 0 0 0 -1 0 -1 0 0 -1 0 0 0 -1 -1 -1 0 0 -1 -1 -1 -1 0 -1 -1 0 0 -1 0 -1 0 0 0 -1 0 -1 -1 0 -1 0 -1 -1 -1 -1 -1 0
0 -1 0 -1 -1 -1 0 -1 0 -1 -1 -1 -1 0 0 -1 0 -1 0 -1 -1 0 -1 -1 -1 -1 -1 0 0 -1 -1 -1 -1 0 0 0 0 -1 -1 0 -1 0 0 0 -1 -1 -1 -1 -1 -1 -1 -1 -1 0 -1 -1 -1 0 0 -1 -1 -1 -1 0 -1 -1 0 0 0 0 0 -1 0 -1 0 0 0 0 0 -1 0 0 -1 -1 -1 0 -1 -1 -1 -1 0 -1 -1 0 0 -1 0 -1 0 0
0 -1 -1 -1 -1 0 0 0 0 0 0 -1 0 0 -1 0 -1 -1 0 0 -1 -1 -1 0 -1 0 -1 -1 -1 -1 -1 0 0 -1 0 0 -1 -1 0 -1 -1 0 -1 -1 -1 -1 0 -1 0 -1 0 -1 0 0 -1 0 -1 -1 -1 -1 0 0 -1 -1 -1 0 0 0 -1 -1 -1 -1 -1 -1 -1 -1 0 -1 0 -1 -1 -1 0 -1 -1 0 0 -1 0 0 0 0 -1 0 -1 0 -1 -1 0 0
-1 0 0 -1 -1 0 0 0 0 0 0 -1 -1 0 -1 0 0 0 0 -1 -1 0 -1 0 0 0 -1 -1 0 -1 -1 -1 0 0 -1 0 0 0 -1 0 0 -1 -1 0 -1 -1 -1 0 0 0 -1 0 0 0 -1 -1 0 0 -1 -1 -1 0 0 -1 -1 -1 0 -1 -1 -1 -1 -1 -1 0 -1 -1 0 -1 0 -1 0 -1 -1 0 0 -1 -1 -1 -1 -1 -1 0 -1 0 0 -1 -1 -1 0 0
-1 0 -1 -1 -1 -1 0 -1 0 -1 -1 0 0 -1 0 -1 0 0 0 -1 -1 0 0 0 -1 -1 0 -1 0 -1 0 0 -1 -1 -1 -1 -1 0 0 0 -1 -1 -1 -1 -1 0 0 0 0 -1 -1 0 -1 0 0 -1 0 -1 -1 0 0 -1 0 0 -1 0 -1 -1 0 0 0 -1 0 -1 0 -1 -1 0 0 -1 -1 0 -1 0 0 -1 -1 -1 -1 0 0 -1 -1 0 0 0 -1 0 0 -1
0 0 0 -1 0 0 0 0 0 0 -1 -1 0 0 0 0 0 -1 -1 0 0 0 0 -1 -1 -1 0 0 -1 0 -1 -1 0 -1 -1 0 0 0 -1 0 0 0 0 0 0 0 -1 -1 -1 -1 0 0 -1 0 -1 -1 0 0 -1 0 0 -1 -1 -1 0 0 0 0 -1 0 -1 0 0 -1 -1 0 -1 -1 0 0 0 -1 0 -1 0 -1 -1 -1 0 -1 0 0 -1 -1 -1 -1 -1 -1 -1 -1
0 0 -1 0 -1 0 0 0 0 -1 -1 0 -1 0 0 0 -1 0 0 -1 0 -1 0 -1 -1 0 -1 0 -1 -1 0 -1 0 -1 0 0 0 -1 -1 0 0 -1 0 -1 0 0 -1 0 -1 0 -1 0 -1 0 0 -1 0 -1 0 0 -1 -1 0 -1 -1 -1 0 0 -1 0 -1 -1 -1 0 -1 0 0 -1 0 -1 0 0 0 0 -1 0 -1 0 0 -1 -1 -1 0 -1 0 -1 0 0 -1 -1
0 -1 0 0 0 -1 0 -1 -1 -1 -1 0 0 -1 -1 -1 0 -1 0 0 0 0 0 -1 0 -1 0 -1 -1 -1 -1 0 0 0 -1 -1 0 -1 0 0 -1 -1 0 0 -1 -1 0 0 0 0 -1 0 -1 -1 -1 -1 0 -1 -1 0 -1 -1 0 0 -1 0 0 0 0 0 -1 0 0 -1 0 0 0 -1 -1 -1 -1 -1 0 -1 -1 0 -1 -1 0 -1 -1 0 0 -1 -1 0 0 -1 0 -1
0 -1 -1 -1 0 -1 -1 -1 -1 0 -1 -1 -1 0 0 0 -1 -1 -1 0 -1 -1 0 0 0 0 -1 0 -1 -1 -1 0 0 -1 -1 -1 -1 -1 -1 -1 0 0 -1 -1 -1 0 0 -1 -1 -1 -1 -1 0 0 0 0 -1 -1 0 0 -1 -1 0 0 0 0 -1 -1 -1 0 0 0 -1 0 -1 0 -1 -1 -1 0 -1 0 0 0 -1 0 -1 0 0 -1 -1 -1 0 0 -1 -1 0 -1 -1 -1
-1 0 -1 0 0 0 -1 0 0 -1 -1 0 -1 -1 -1 0 0 0 -1 -1 0 0 -1 -1 -1 0 0 -1 -1 0 0 0 -1 -1 -1 -1 -1 -1 -1 -1 -1 -1 0 -1 -1 -1 0 -1 0 -1 0 0 -1 -1 -1 -1 0 0 0 -1 0 -1 -1 0 0 -1 -1 0 -1 0 0 -1 0 0 -1 0 0 0 -1 0 0 -1 -1 0 -1 0 0 -1 -1 0 -1 0 0 -1 0 0 -1 0 -1 -1
-1 -1 0 -1 -1 -1 -1 0 -1 0 0 -1 -1 0 -1 -1 0 -1 -1 0 0 0 0 0 -1 0 -1 0 0 -1 -1 0 -1 -1 0 -1 -1 0 -1 0 -1 0 0 -1 0 -1 0 0 0 -1 0 -1 0 -1 0 0 -1 -1 0 0 -1 -1 -1 0 0 0 -1 0 0 0 0 0 -1 0 0 -1 0 -1 0 -1 0 -1 0 -1 -1 0 -1 -1 0 -1 -1 -1 0 -1 0 -1 0 0 0 -1
0 0 -1 -1 -1 -1 -1 -1 -1 0 0 0 -1 -1 0 -1 0 0 -1 0 -1 0 0 -1 0 -1 0 0 0 0 -1 -1 -1 0 -1 -1 -1 -1 -1 -1 -1 -1 0 -1 0 0 0 -1 0 -1 0 0 0 -1 0 -1 -1 -1 -1 -1 0 -1 -1 -1 -1 0 -1 0 0 -1 0 0 0 -1 0 0 -1 0 -1 0 0 -1 0 -1 0 0 -1 -1 -1 -1 0 0 0 -1 -1 0 -1 -1 -1 0
0 0 0 -1 0 0 0 -1 -1 0 0 -1 0 -1 -1 -1 0 -1 -1 0 0 0 0 0 0 0 0 -1 -1 0 -1 -1 0 -1 -1 -1 0 0 0 -1 -1 0 -1 -1 0 -1 0 0 -1 0 -1 -1 0 -1 -1 -1 -1 0 0 0 0 0 0 0 0 0 -1 0 0 -1 -1 -1 0 0 0 -1 -1 0 0 0 0 -1 -1 0 -1 0 0 0 -1 0 -1 -1 -1 0 0 0 -1 -1 -1 -1
0 0 0 0 -1 0 0 0 -1 -1 0 -1 -1 -1 0 0 -1 0 -1 0 0 -1 0 -1 -1 0 -1 -1 0 -1 -1 -1 -1 0 0 -1 -1 0 -1 0 -1 0 0 -1 0 0 -1 -1 0 0 0 -1 0 0 0 0 -1 -1 0 0 -1 0 -1 -1 0 -1 -1 -1 -1 0 0 -1 -1 -1 0 -1 -1 0 -1 -1 -1 0 -1 0 -1 0 -1 0 -1 0 0 -1 -1 -1 0 0 0 0 0 -1
-1 -1 -1 0 0 0 0 -1 -1 0 -1 0 -1 0 -1 0 0 0 0 0 -1 -1 0 -1 0 -1 0 0 0 -1 -1 0 -1 0 -1 0 -1 -1 -1 -1 -1 -1 -1 0 -1 0 0 0 0 -1 -1 0 0 -1 -1 0 -1 -1 0 0 0 0 -1 0 -1 -1 0 -1 0 0 -1 -1 -1 0 -1 0 -1 0 -1 0 0 -1 0 0 0 -1 0 -1 0 0 0 -1 0 0 0 0 0 -1 -1 0
0 0 -1 -1 0 -1 0 0 0 0 0 0 0 0 -1 -1 0 -1 -1 -1 -1 0 0 -1 -1 0 -1 -1 -1 -1 -1 0 -1 0 0 0 0 0 -1 0 0 0 0 -1 0 0 -1 0 -1 -1 -1 -1 -1 -1 -1 -1 -1 0 0 -1 0 0 0 -1 -1 0 -1 0 0 -1 0 -1 0 -1 -1 0 -1 -1 0 -1 -1 0 -1 0 -1 0 0 0 0 0 -1 0 -1 -1 -1 -1 0 0 -1 0
0 -1 0 0 -1 0 -1 0 0 -1 0 -1 -1 0 -1 0 0 -1 -1 -1 0 -1 -1 0 -1 -1 0 0 -1 -1 -1 -1 0 0 -1 -1 0 -1 0 0 -1 0 0 -1 0 0 -1 -1 0 0 -1 -1 0 0 -1 0 -1 -1 -1 0 -1 0 0 0 0 0 0 0 -1 0 -1 -1 0 -1 0 -1 0 0 -1 -1 0 0 0 -1 -1 -1 -1 -1 0 -1 -1 -1 0 0 0 -1 -1 -1 -1 -1
-1 0 -1 -1 0 0 0 0 -1 0 -1 0 -1 -1 -1 0 -1 0 0 -1 -1 0 0 0 -1 -1 -1 -1 -1 0 -1 0 0 0 0 -1 0 0 -1 -1 -1 0 0 -1 -1 -1 0 0 0 -1 -1 -1 0 -1 0 -1 -1 -1 0 -1 0 -1 0 0 0 -1 -1 0 -1 -1 -1 -1 -1 -1 -1 -1 0 -1 0 0 -1 0 -1 0 -1 0 0 0 -1 -1 0 0 0 0 0 0 -1 -1 0 0
0 0 -1 0 -1 -1 0 -1 0 -1 0 0 0 0 0 -1 0 -1 0 -1 -1 -1 0 0 0 -1 0 -1 0 -1 0 -1 -1 -1 0 -1 -1 -1 0 -1 -1 0 -1 -1 0 -1 -1 0 -1 0 0 -1 0 0 0 -1 -1 0 0 -1 0 0 -1 -1 0 -1 -1 0 0 -1 0 0 0 0 -1 -1 0 -1 0 -1 -1 0 0 -1 -1 0 -1 -1 -1 -1 0 0 -1 -1 0 -1 -1 0 0 0
0 -1 -1 -1 0 0 -1 0 -1 -1 -1 -1 -1 -1 0 -1 -1 -1 -1 -1 -1 0 0 -1 -1 0 -1 0 0 -1 -1 -1 0 -1 -1 0 -1 0 0 -1 0 0 -1 0 0 -1 -1 0 0 -1 0 0 0 -1 -1 -1 -1 -1 -1 0 0 0 -1 0 0 0 -1 -1 -1 -1 -1 -1 0 0 0 -1 -1 0 -1 -1 0 -1 -1 -1 -1 0 0 0 -1 -1 0 -1 0 0 0 -1 -1 -1 -1 -1
-1 -1 0 0 0 0 0 0 0 0 -1 0 -1 -1 0 0 0 -1 -1 0 0 -1 -1 -1 -1 0 -1 -1 -1 -1 -1 0 0 0 -1 -1 -1 -1 0 -1 -1 -1 -1 -1 -1 -1 -1 0 0 -1 0 -1 -1 -1 0 0 -1 -1 -1 -1 -1 -1 -1 -1 0 0 0 -1 -1 -1 -1 0 0 -1 0 -1 0 0 0 -1 -1 0 -1 -1 -1 -1 0 0 0 0 0 0 0 -1 -1 0 -1 0 -1 -1
-1 -1 0 0 -1 -1 -1 0 -1 -1 0 0 0 -1 0 -1 -1 0 -1 0 0 -1 0 -1 0 -1 -1 0 -1 -1 -1 -1 0 -1 0 0 0 -1 -1 -1 0 -1 -1 0 -1 -1 0 0 0 0 -1 -1 0 -1 -1 0 0 0 0 0 -1 -1 -1 -1 -1 0 -1 -1 0 -1 -1 0 0 0 0 0 0 0 -1 0 0 -1 0 -1 0 -1 -1 0 -1 -1 -1 -1 0 0 -1 0 -1 0 -1 0
-1 0 -1 -1 -1 0 -1 0 -1 -1 -1 -1 -1 0 -1 0 0 0 -1 0 -1 -1 -1 0 0 -1 0 -1 0 0 0 0 -1 -1 -1 -1 0 -1 -1 0 0 -1 0 -1 0 0 -1 0 -1 -1 0 0 0 0 -1 -1 -1 0 -1 -1 -1 -1 0 0 -1 -1 -1 -1 0 0 0 -1 0 -1 -1 0 0 -1 0 -1 -1 -1 -1 -1 0 -1 -1 0 -1 -1 0 -1 0 -1 -1 0 -1 0 0 0
-1 -1 0 0 -1 0 -1 -1 -1 -1 0 -1 -1 -1 0 0 -1 -1 -1 0 -1 0 -1 -1 0 0 -1 -1 0 0 0 0 0 -1 0 0 -1 0 0 0 0 0 0 -1 0 -1 0 -1 -1 0 0 0 -1 -1 0 -1 -1 -1 0 -1 -1 -1 0 0 -1 0 -1 0 0 -1 -1 -1 -1 -1 -1 0 0 0 0 -1 -1 -1 0 -1 -1 -1 0 0 0 0 -1 0 0 -1 0 -1 0 -1 -1 0
-1 0 -1 0 0 0 0 0 0 0 -1 -1 -1 -1 0 -1 0 -1 0 -1 -1 -1 0 -1 0 -1 0 -1 0 0 0 0 0 -1 0 0 -1 -1 -1 0 -1 -1 -1 0 0 -1 0 0 -1 -1 0 -1 -1 -1 -1 -1 0 0 0 -1 0 -1 0 0 0 0 0 0 0 -1 0 0 0 0 -1 -1 -1 -1 0 -1 -1 -1 0 -1 0 0 -1 0 0 0 0 0 -1 0 -1 -1 -1 -1 -1 0
-1 -1 -1 0 -1 0 0 -1 0 -1 -1 0 0 -1 -1 -1 -1 -1 0 -1 0 -1 0 -1 0 -1 0 0 0 0 -1 -1 0 0 -1 0 -1 -1 -1 -1 0 0 0 -1 0 -1 -1 0 -1 -1 0 0 -1 -1 0 -1 0 0 0 -1 0 0 -1 0 0 0 0 -1 0 0 -1 -1 -1 0 -1 0 0 0 -1 -1 -1 0 0 -1 -1 -1 -1 0 -1 0 0 -1 -1 -1 -1 0 -1 0 -1 0
0 0 0 -1 0 0 -1 0 0 0 0 0 -1 0 0 -1 0 -1 0 0 -1 -1 0 0 0 0 -1 0 0 0 -1 0 0 -1 0 -1 0 -1 -1 -1 -1 0 0 -1 -1 0 0 -1 -1 0 0 -1 -1 -1 0 0 0 -1 -1 0 -1 -1 -1 0 0 0 0 0 -1 -1 0 0 -1 -1 -1 -1 0 0 0 0 -1 0 0 0 0 -1 -1 0 0 0 -1 -1 0 0 -1 -1 0 0 -1 -1
0 0 -1 0 0 -1 0 -1 -1 0 -1 -1 0 -1 0 0 0 0 -1 0 0 0 0 0 0 -1 0 0 0 0 -1 -1 -1 -1 0 0 0 0 -1 0 0 -1 -1 -1 -1 -1 -1 -1 0 -1 -1 0 0 0 0 0 0 0 -1 -1 -1 0 0 -1 0 0 -1 0 -1 -1 0 0 0 0 -1 -1 0 -1 0 0 -1 0 -1 -1 -1 0 0 0 0 -1 0 0 -1 -1 -1 -1 0 -1 0 0
-1 0 0 -1 -1 -1 -1 0 0 -1 0 0 -1 0 0 -1 0 0 0 -1 0 0 0 -1 -1 0 0 0 -1 -1 0 0 -1 0 -1 -1 -1 0 0 0 -1 0 0 0 -1 -1 0 0 0 -1 0 -1 0 0 -1 0 -1 -1 -1 -1 -1 0 0 0 0 -1 0 -1 0 -1 0 0 -1 0 0 -1 -1 -1 -1 0 0 0 -1 0 0 0 -1 -1 -1 0 -1 -1 0 -1 0 -1 -1 -1 0 -1
-1 -1 -1 0 -1 -1 -1 0 0 -1 -1 0 0 0 0 -1 -1 -1 0 0 0 0 0 -1 0 0 0 -1 0 0 0 0 0 0 -1 0 0 -1 0 0 -1 0 -1 0 -1 0 0 -1 0 -1 -1 0 0 -1 0 0 0 -1 0 0 0 -1 -1 0 -1 0 0 0 -1 0 0 -1 0 0 -1 -1 0 0 -1 0 0 0 -1 0 -1 0 0 0 -1 0 0 0 0 -1 0 -1 -1 -1 -1 0
0 -1 -1 0 -1 0 -1 -1 0 0 -1 0 0 0 0 -1 0 0 -1 -1 -1 0 0 0 -1 0 -1 0 -1 0 0 -1 -1 -1 -1 -1 0 0 -1 -1 0 -1 -1 -1 0 -1 -1 -1 -1 -1 0 -1 -1 -1 -1 -1 -1 -1 -1 0 -1 0 0 0 0 0 -1 -1 -1 0 -1 0 0 -1 -1 -1 0 0 -1 0 0 -1 -1 0 0 -1 0 0 -1 -1 -1 0 -1 0 -1 0 -1 -1 -1 0
-1 -1 0 -1 0 -1 -1 -1 0 0 0 -1 0 0 -1 0 -1 0 0 -1 -1 -1 -1 -1 -1 -1 -1 0 0 0 -1 0 -1 0 0 0 -1 -1 -1 -1 -1 -1 -1 0 -1 0 0 -1 -1 -1 0 -1 -1 -1 0 0 -1 0 0 0 0 -1 0 0 -1 0 -1 0 0 -1 0 -1 0 0 -1 0 -1 -1 0 0 0 -1 -1 -1 0 -1 -1 0 0 -1 -1 -1 -1 -1 0 0 -1 -1 0 -1
-1 -1 0 0 0 0 0 -1 -1 0 -1 -1 0 0 -1 -1 0 0 0 -1 0 -1 -1 -1 -1 -1 0 -1 0 0 0 -1 0 0 0 0 0 0 0 -1 -1 -1 0 0 -1 -1 0 -1 -1 -1 -1 0 0 -1 -1 -1 0 0 -1 -1 -1 0 0 0 -1 0 0 0 -1 0 -1 0 -1 0 0 0 0 -1 0 0 -1 -1 -1 0 -1 -1 -1 -1 0 -1 0 -1 -1 0 -1 -1 -1 -1 0 -1
0 0 0 0 -1 -1 0 -1 0 0 -1 0 -1 0 0 0 0 0 0 -1 0 -1 -1 0 0 0 -1 -1 0 0 -1 -1 0 -1 -1 -1 -1 -1 0 0 -1 -1 0 -1 -1 0 0 0 0 0 0 -1 0 -1 0 -1 0 0 -1 -1 0 -1 0 0 -1 0 0 0 0 0 -1 -1 0 0 0 0 -1 -1 -1 0 -1 -1 0 -1 0 -1 -1 -1 -1 0 -1 0 -1 -1 0 0 0 -1 0 0
0 -1 0 0 -1 0 -1 0 -1 -1 -1 -1 0 0 -1 0 0 -1 0 -1 0 -1 0 -1 -1 -1 -1 0 0 0 0 -1 0 -1 0 -1 -1 0 0 -1 0 0 -1 -1 -1 0 -1 -1 -1 -1 -1 0 -1 0 0 0 0 0 -1 -1 0 -1 0 -1 -1 -1 -1 0 -1 0 0 -1 -1 -1 -1 -1 0 -1 -1 0 -1 -1 -1 0 -1 0 -1 0 0 -1 -1 0 -1 -1 0 0 -1 -1 0 -1
-1 -1 0 0 0 0 -1 -1 -1 0 0 -1 0 -1 0 -1 0 -1 -1 0 0 -1 0 0 0 0 -1 -1 -1 0 0 0 -1 0 0 0 0 -1 -1 -1 0 0 0 0 0 -1 0 -1 -1 -1 -1 -1 0 0 0 0 -1 -1 0 -1 -1 -1 -1 0 0 -1 0 0 0 -1 0 -1 -1 0 0 0 -1 0 -1 0 0 -1 0 0 0 -1 -1 0 0 0 -1 -1 -1 0 -1 0 0 0 0 -1
0 -1 0 0 0 -1 -1 0 -1 -1 0 0 -1 -1 0 -1 -1 0 -1 0 0 -1 -1 0 0 0 -1 -1 0 0 0 0 -1 0 -1 -1 -1 -1 -1 0 0 -1 0 0 -1 -1 0 0 0 -1 -1 -1 -1 -1 0 0 -1 -1 -1 0 -1 -1 0 -1 -1 -1 0 0 0 0 -1 -1 -1 0 -1 0 -1 0 -1 0 -1 -1 0 -1 -1 -1 0 -1 -1 -1 -1 0 0 -1 0 -1 0 0 -1 0
-1 0 0 -1 0 0 0 0 0 0 -1 -1 -1 0 -1 -1 -1 0 0 0 0 -1 -1 0 0 0 0 -1 0 0 -1 -1 -1 -1 0 -1 0 0 0 0 0 0 0 0 0 0 -1 0 0 0 -1 0 -1 -1 0 0 0 -1 0 -1 -1 0 -1 -1 0 -1 0 0 0 0 0 -1 -1 0 0 0 -1 0 -1 -1 0 -1 -1 0 -1 -1 -1 -1 -1 0 0 0 0 -1 0 -1 -1 0 -1 0
0 -1 -1 0 0 0 -1 -1 -1 0 -1 0 0 0 -1 0 0 0 0 -1 0 -1 0 0 -1 0 0 -1 0 0 0 0 -1 -1 0 0 0 0 -1 -1 -1 0 0 0 0 -1 -1 -1 -1 -1 -1 0 -1 0 0 0 -1 -1 0 0 -1 -1 0 -1 0 0 0 0 0 -1 -1 0 -1 0 0 -1 -1 0 -1 -1 0 -1 -1 0 0 0 -1 0 -1 0 -1 0 0 0 -1 -1 0 -1 0 -1
0 -1 0 0 0 -1 -1 -1 -1 0 -1 0 -1 -1 -1 -1 0 -1 0 -1 0 -1 -1 -1 0 0 -1 -1 -1 0 -1 0 0 0 0 -1 -1 -1 -1 -1 -1 0 0 -1 -1 -1 0 -1 -1 -1 0 0 0 0 0 0 -1 0 -1 -1 0 -1 0 -1 0 0 -1 -1 0 -1 0 0 -1 -1 0 -1 -1 -1 0 0 0 -1 -1 0 0 0 0 0 -1 -1 -1 0 0 -1 -1 0 -1 -1 -1 0
-1 0 -1 -1 -1 -1 0 0 0 -1 -1 -1 -1 0 -1 0 -1 -1 0 -1 -1 0 -1 0 -1 -1 -1 0 -1 -1 0 0 0 -1 -1 -1 -1 -1 -1 0 0 -1 0 -1 -1 0 -1 -1 0 -1 -1 -1 0 0 0 0 -1 -1 -1 -1 0 0 0 -1 0 -1 -1 0 -1 -1 -1 -1 0 0 0 -1 0 -1 0 -1 -1 0 -1 0 -1 -1 0 -1 0 -1 0 -1 0 -1 -1 -1 -1 0 0 0
-1 -1 -1 0 0 0 0 0 0 0 0 0 0 -1 -1 -1 -1 -1 0 0 0 0 -1 -1 -1 0 -1 -1 0 0 -1 -1 0 0 -1 -1 -1 0 0 0 0 -1 -1 -1 0 0 0 -1 -1 0 0 0 0 0 0 0 -1 0 -1 -1 -1 -1 0 0 0 -1 0 -1 -1 -1 0 -1 -1 -1 -1 -1 -1 -1 -1 0 0 -1 -1 -1 -1 -1 -1 0 0 0 -1 0 0 -1 0 0 -1 0 0 -1
-1 -1 -1 0 -1 -1 -1 -1 -1 -1 -1 0 -1 0 0 0 -1 -1 0 0 0 0 -1 0 -1 -1 -1 -1 0 0 -1 0 0 0 -1 0 -1 0 -1 -1 -1 -1 0 0 0 -1 0 0 -1 -1 -1 0 -1 -1 -1 -1 -1 0 0 -1 0 -1 -1 0 0 0 -1 -1 -1 0 -1 -1 -1 -1 -1 0 0 0 0 0 -1 0 0 -1 0 -1 -1 -1 -1 -1 0 -1 -1 -1 0 -1 -1 0 -1 0
0 -1 0 0 -1 0 0 0 -1 0 0 -1 -1 -1 0 0 -1 0 0 -1 -1 0 0 -1 -1 0 0 0 -1 -1 -1 0 -1 0 0 0 -1 0 -1 0 0 -1 0 -1 0 -1 -1 -1 -1 0 0 -1 0 0 -1 -1 -1 -1 -1 -1 0 0 0 -1 0 -1 -1 0 0 0 0 -1 -1 0 0 0 -1 -1 -1 -1 0 0 -1 -1 0 0 -1 -1 0 0 -1 0 0 -1 0 0 -1 0 0 -1
-1 0 0 0 -1 -1 0 -1 -1 -1 -1 0 0 0 0 0 0 0 -1 -1 -1 -1 0 -1 0 -1 0 -1 0 -1 -1 0 -1 -1 -1 0 -1 0 -1 -1 0 0 -1 -1 0 -1 -1 0 0 0 0 -1 0 -1 0 0 -1 -1 0 -1 -1 -1 0 -1 -1 0 -1 0 0 -1 -1 0 0 -1 0 -1 0 0 -1 -1 -1 -1 0 -1 0 0 0 0 0 0 -1 0 0 0 -1 0 0 0 0 -1
0 0 -1 0 0 0 0 0 0 -1 0 -1 0 -1 -1 -1 0 -1 0 0 0 -1 0 0 0 -1 0 0 0 -1 -1 -1 0 -1 0 -1 0 -1 0 0 -1 -1 -1 0 -1 -1 0 -1 -1 0 0 -1 0 -1 0 -1 -1 0 0 0 0 -1 -1 0 0 0 -1 0 0 0 -1 -1 -1 -1 -1 0 0 0 -1 -1 0 -1 -1 -1 0 0 0 0 -1 0 -1 -1 -1 0 -1 0 0 -1 -1 0
0 -1 -1 0 -1 -1 -1 -1 -1 0 0 0 0 -1 -1 -1 0 -1 -1 0 -1 -1 0 0 0 0 0 0 -1 -1 0 -1 0 -1 -1 -1 0 0 -1 -1 -1 0 -1 -1 -1 0 -1 -1 0 0 -1 0 -1 0 0 0 0 -1 0 -1 -1 0 0 -1 -1 -1 -1 0 0 -1 -1 0 -1 0 0 0 -1 0 -1 -1 -1 -1 0 0 -1 0 0 0 -1 -1 0 -1 0 -1 0 -1 0 0 0 -1
-1 -1 0 -1 -1 -1 0 -1 -1 0 -1 -1 -1 -1 0 -1 -1 -1 -1 0 0 -1 -1 -1 -1 0 0 0 -1 -1 -1 0 0 0 -1 0 0 0 0 -1 -1 -1 0 0 0 -1 0 0 0 -1 -1 -1 -1 0 0 -1 -1 0 -1 -1 0 -1 0 0 0 -1 -1 0 -1 0 0 -1 0 -1 0 -1 -1 -1 0 0 0 0 -1 0 -1 -1 -1 0 0 0 -1 0 0 -1 0 -1 0 0 -1 -1
0 -1 0 0 0 0 -1 -1 -1 0 -1 0 -1 -1 0 -1 0 0 0 0 0 -1 0 0 0 -1 -1 0 -1 -1 -1 0 0 -1 0 0 -1 -1 -1 0 0 -1 0 -1 -1 0 0 -1 0 -1 0 -1 0 -1 0 0 -1 0 0 -1 -1 -1 0 -1 0 -1 0 -1 -1 -1 -1 -1 0 0 -1 -1 -1 0 0 0 -1 0 0 -1 -1 0 0 -1 -1 0 -1 0 0 -1 -1 0 0 -1 -1 0
0 -1 0 0 0 0 -1 -1 0 0 -1 0 0 -1 -1 -1 -1 -1 -1 -1 0 0 0 0 0 -1 -1 0 0 -1 0 0 0 0 -1 -1 0 -1 -1 0 0 -1 -1 -1 -1 0 0 0 0 -1 0 0 0 0 -1 -1 0 0 0 -1 0 -1 0 0 0 0 0 0 -1 0 0 -1 -1 0 0 -1 0 -1 -1 -1 0 -1 -1 0 -1 0 -1 0 0 0 0 -1 0 0 0 -1 0 0 0 0
0 0 -1 0 -1 0 0 0 0 0 -1 -1 -1 -1 0 -1 -1 -1 -1 -1 -1 -1 0 0 -1 -1 -1 -1 -1 0 0 0 -1 0 0 0 -1 -1 -1 0 0 -1 -1 -1 -1 -1 0 -1 0 -1 -1 0 -1 0 -1 0 -1 -1 0 -1 -1 -1 -1 0 -1 0 -1 0 -1 0 0 0 -1 0 -1 -1 0 -1 0 0 0 0 -1 0 -1 0 0 0 -1 -1 -1 0 0 -1 -1 -1 0 -1 0 -1
0 -1 0 0 0 -1 -1 0 -1 0 0 -1 -1 -1 0 -1 0 -1 -1 0 0 -1 -1 -1 -1 -1 -1 0 -1 -1 -1 -1 -1 0 0 0 0 0 -1 0 0 -1 -1 -1 0 0 0 0 -1 0 -1 0 -1 0 -1 -1 0 0 -1 -1 0 0 0 0 -1 0 -1 0 0 0 -1 -1 -1 -1 -1 0 0 -1 0 -1 0 0 -1 0 0 -1 -1 -1 -1 -1 -1 -1 -1 -1 -1 0 -1 0 -1 -1
-1 -1 -1 0 0 -1 0 -1 0 0 -1 -1 -1 0 0 -1 0 -1 0 -1 0 0 -1 0 -1 0 0 0 -1 -1 0 -1 0 0 -1 0 0 0 -1 -1 0 0 0 0 -1 -1 -1 -1 0 -1 -1 0 0 -1 0 0 -1 -1 0 -1 0 -1 -1 0 -1 0 -1 0 -1 -1 -1 0 0 0 -1 0 -1 0 0 0 0 -1 0 0 0 -1 -1 -1 -1 0 -1 0 -1 0 0 -1 -1 -1 0 0
-1 -1 0 0 -1 0 -1 -1 0 -1 -1 0 0 0 0 0 -1 -1 -1 0 -1 0 -1 -1 0 0 -1 0 -1 -1 0 0 -1 0 -1 -1 0 -1 0 0 0 -1 0 -1 0 -1 -1 0 0 0 -1 -1 -1 0 -1 -1 0 -1 0 -1 0 0 -1 -1 0 0 -1 0 -1 -1 -1 0 -1 0 -1 -1 -1 -1 -1 0 0 0 0 -1 0 0 -1 0 0 -1 -1 0 -1 -1 0 -1 0 0 -1 -1
-1 -1 0 0 -1 0 0 0 0 -1 -1 -1 -1 -1 -1 -1 0 -1 -1 0 0 -1 0 -1 0 0 -1 -1 0 0 0 0 -1 0 -1 0 -1 0 0 -1 0 0 -1 0 0 -1 -1 -1 -1 0 0 0 0 -1 0 -1 0 -1 -1 -1 -1 0 0 0 0 0 0 0 -1 0 0 -1 -1 -1 0 0 0 -1 -1 0 -1 0 0 -1 -1 0 -1 0 0 -1 -1 -1 -1 0 -1 0 0 0 -1 -1
-1 0 0 -1 -1 -1 0 0 0 0 -1 -1 -1 -1 0 -1 0 -1 0 0 0 -1 -1 -1 0 0 -1 -1 -1 -1 0 -1 -1 -1 -1 -1 -1 0 -1 -1 0 -1 0 0 -1 0 0 0 0 0 0 0 0 -1 0 0 0 0 0 -1 0 -1 0 0 -1 0 0 0 0 -1 0 0 0 -1 -1 -1 -1 -1 -1 -1 0 0 -1 -1 0 0 -1 -1 -1 -1 -1 -1 -1 -1 0 -1 -1 0 0 0
-1 0 -1 -1 -1 -1 -1 -1 0 0 0 -1 0 -1 0 -1 0 -1 0 -1 -1 0 0 0 -1 -1 -1 0 0 0 0 0 0 -1 0 0 -1 -1 -1 -1 -1 -1 0 -1 -1 0 0 -1 0 -1 0 0 0 0 0 0 -1 -1 0 0 -1 0 -1 0 0 -1 -1 -1 -1 -1 0 0 -1 -1 0 0 -1 0 -1 0 -1 0 -1 0 0 0 0 -1 0 0 -1 -1 0 -1 -1 -1 -1 -1 -1 0
0 0 -1 -1 0 0 -1 -1 0 0 0 0 -1 0 0 0 0 -1 -1 0 0 0 -1 -1 -1 -1 -1 -1 -1 -1 0 0 -1 0 0 -1 -1 0 -1 -1 0 -1 -1 -1 -1 0 0 -1 0 0 0 0 -1 0 -1 -1 -1 0 -1 0 -1 -1 -1 -1 -1 -1 -1 0 -1 -1 0 -1 0 -1 -1 0 0 -1 -1 0 0 0 0 -1 0 0 -1 -1 -1 -1 -1 0 -1 0 -1 0 0 0 -1 0
0 -1 0 0 0 0 0 0 -1 0 0 -1 0 0 0 -1 0 -1 -1 0 -1 -1 -1 -1 0 0 0 -1 -1 -1 0 0 0 0 0 0 0 0 -1 0 -1 0 0 -1 -1 -1 0 0 0 0 0 0 -1 -1 0 0 0 0 -1 0 0 0 -1 -1 0 -1 -1 0 -1 -1 -1 0 0 -1 -1 0 0 -1 0 -1 -1 0 0 0 0 0 0 0 -1 0 -1 -1 -1 -1 0 0 0 -1 -1 -1
-1 0 -1 -1 0 0 -1 -1 0 0 -1 -1 0 0 0 0 0 -1 0 0 -1 0 0 -1 -1 -1 0 -1 0 -1 0 -1 0 0 -1 -1 0 0 -1 -1 -1 -1 -1 -1 -1 -1 -1 0 0 -1 -1 0 -1 0 0 -1 -1 -1 -1 0 -1 -1 0 -1 0 0 -1 -1 -1 -1 0 0 -1 0 0 -1 0 0 0 0 -1 -1 -1 0 0 -1 -1 -1 -1 0 0 -1 -1 -1 0 -1 -1 -1 -1 -1
0 -1 -1 0 0 -1 -1 -1 -1 -1 -1 -1 -1 -1 0 -1 0 -1 0 -1 -1 0 -1 -1 -1 0 -1 0 0 0 0 -1 0 0 -1 -1 0 0 -1 -1 -1 -1 0 -1 0 0 -1 -1 0 -1 -1 -1 -1 0 -1 -1 0 -1 0 -1 -1 0 0 -1 0 -1 -1 -1 -1 -1 -1 0 0 -1 -1 -1 0 -1 -1 -1 0 -1 -1 -1 -1 -1 0 0 -1 -1 -1 0 -1 0 -1 0 0 0 -1 0
-1 0 0 0 0 -1 0 -1 0 -1 0 0 -1 -1 -1 0 -1 -1 -1 0 -1 -1 0 -1 0 -1 0 -1 0 0 -1 0 0 0 -1 0 -1 -1 0 0 -1 0 -1 -1 0 0 -1 -1 -1 0 0 -1 0 0 -1 0 0 0 0 0 0 0 -1 0 0 -1 0 -1 0 -1 0 -1 0 0 0 -1 0 0 -1 0 -1 0 -1 0 0 -1 0 0 -1 -1 -1 0 -1 -1 -1 0 0 -1 0 0
0 0 0 -1 0 -1 -1 -1 -1 0 0 0 -1 0 -1 0 -1 -1 -1 -1 -1 0 -1 0 0 0 -1 0 -1 0 0 0 0 -1 0 -1 0 -1 -1 -1 0 -1 0 0 -1 -1 0 0 0 0 0 0 0 -1 -1 -1 0 -1 -1 -1 0 0 0 0 0 0 -1 0 -1 -1 -1 -1 -1 -1 0 0 0 0 0 -1 0 0 0 0 0 0 -1 -1 0 0 0 -1 -1 0 -1 -1 -1 -1 -1 -1
-1 -1 -1 -1 0 0 -1 -1 0 -1 -1 0 0 0 -1 0 0 0 0 0 0 -1 0 -1 0 0 -1 0 -1 -1 0 0 0 -1 0 0 0 -1 -1 0 0 0 -1 0 -1 0 0 -1 -1 -1 0 -1 -1 0 0 -1 0 0 0 0 -1 -1 -1 -1 -1 0 -1 -1 0 -1 -1 -1 0 -1 -1 -1 -1 -1 0 0 -1 0 -1 0 -1 0 0 -1 0 0 0 0 0 -1 -1 0 0 -1 -1 0
-1 0 0 -1 0 0 -1 -1 -1 0 0 -1 -1 0 -1 -1 0 -1 -1 -1 -1 -1 0 -1 -1 -1 -1 0 0 -1 -1 -1 0 -1 -1 -1 0 0 -1 -1 0 0 0 0 0 0 -1 0 -1 0 0 0 0 0 0 0 -1 0 -1 -1 0 -1 0 0 0 0 0 -1 -1 0 0 0 -1 0 0 -1 0 0 -1 -1 0 -1 0 0 -1 -1 -1 -1 -1 0 0 0 0 0 0 -1 -1 0 0 0
0 0 0 0 0 0 -1 -1 -1 -1 0 0 -1 0 0 -1 -1 0 -1 -1 0 0 0 -1 -1 0 0 0 0 0 -1 -1 -1 0 0 -1 0 0 0 0 -1 -1 -1 -1 -1 -1 -1 -1 -1 0 -1 0 -1 0 -1 -1 0 0 -1 -1 0 -1 -1 0 0 -1 -1 -1 0 0 0 -1 -1 0 0 -1 -1 -1 0 -1 -1 -1 -1 -1 -1 -1 0 0 -1 -1 0 0 0 0 0 -1 0 -1 -1 -1
-1 -1 -1 0 -1 -1 -1 0 -1 0 0 -1 -1 -1 -1 0 0 0 0 -1 -1 0 0 0 -1 0 0 0 -1 -1 -1 -1 -1 0 0 -1 -1 -1 0 0 -1 0 0 0 0 0 -1 0 0 0 0 0 0 -1 -1 -1 -1 -1 -1 0 0 -1 -1 -1 0 -1 0 -1 0 -1 0 0 -1 -1 -1 0 -1 -1 -1 -1 0 0 -1 -1 -1 -1 -1 0 0 -1 0 -1 -1 -1 0 -1 0 0 -1 -1
0 -1 0 0 -1 -1 0 0 0 -1 0 0 0 -1 -1 0 0 0 0 0 0 0 -1 -1 -1 -1 -1 0 -1 -1 -1 -1 -1 -1 0 0 -1 0 0 -1 0 0 -1 0 -1 0 0 -1 -1 0 0 -1 0 0 0 -1 -1 0 -1 -1 -1 -1 -1 -1 0 -1 -1 0 -1 0 0 0 0 -1 0 0 0 0 -1 -1 0 -1 0 -1 0 -1 -1 -1 -1 -1 -1 0 -1 -1 -1 -1 -1 -1 0 0
-1 -1 -1 0 0 0 0 -1 0 -1 -1 -1 -1 0 0 0 -1 -1 -1 0 0 -1 0 -1 0 0 -1 -1 0 -1 -1 -1 0 0 0 -1 0 0 0 0 -1 0 0 0 0 -1 0 -1 -1 0 0 0 0 -1 -1 -1 -1 0 -1 0 0 -1 0 0 0 0 -1 -1 -1 -1 0 0 0 -1 0 -1 0 0 0 0 0 0 -1 -1 -1 -1 -1 0 0 0 -1 -1 0 -1 0 -1 -1 0 0 0
-1 0 0 -1 0 -1 0 0 0 0 -1 0 -1 -1 0 -1 0 0 -1 -1 -1 0 0 -1 0 0 -1 -1 0 -1 -1 -1 -1 -1 0 0 -1 0 0 -1 -1 -1 0 -1 -1 -1 0 0 0 0 -1 -1 0 -1 0 -1 0 0 0 0 -1 0 -1 -1 -1 0 -1 0 0 0 -1 -1 0 -1 -1 -1 -1 0 0 0 0 0 -1 -1 -1 -1 -1 0 0 0 0 -1 0 -1 0 -1 0 -1 0 -1
-1 -1 -1 0 0 0 -1 -1 0 0 0 -1 0 -1 0 0 -1 0 -1 0 -1 0 0 0 -1 0 -1 0 0 -1 -1 0 -1 0 -1 -1 0 0 -1 0 0 0 0 -1 -1 -1 0 0 -1 0 0 0 0 -1 0 0 -1 -1 -1 -1 0 0 -1 0 0 -1 -1 0 0 -1 -1 -1 0 0 0 0 -1 -1 0 0 0 0 -1 0 -1 -1 0 -1 -1 -1 -1 0 -1 -1 0 0 0 -1 -1 0
0 -1 -1 -1 0 -1 0 0 0 -1 0 0 0 -1 -1 -1 0 0 0 -1 0 -1 0 -1 -1 0 0 -1 0 0 0 -1 0 -1 -1 -1 -1 -1 -1 -1 -1 -1 -1 -1 0 0 -1 0 0 0 -1 0 0 0 0 0 -1 -1 0 0 0 0 -1 -1 0 0 0 -1 0 -1 -1 -1 -1 0 0 -1 0 0 -1 -1 0 -1 -1 -1 0 -1 -1 0 0 0 -1 -1 0 0 0 -1 0 -1 0 0
-1 -1 -1 -1 -1 -1 0 -1 0 0 -1 0 -1 -1 -1 0 0 0 -1 0 0 -1 0 0 -1 0 0 -1 0 0 -1 0 0 0 -1 -1 -1 -1 -1 0 -1 -1 -1 -1 0 -1 0 0 -1 0 -1 0 -1 -1 0 0 0 -1 0 -1 0 -1 0 0 0 0 0 0 -1 -1 -1 0 0 -1 0 0 -1 0 -1 0 -1 -1 -1 0 -1 0 0 0 0 -1 -1 -1 0 0 0 -1 -1 -1 -1 -1
100
0 0 8 0 7 3 0 2 0 4 0 8 0 -1 -2 0 7 1 7 0 7 8 0 0 0 -5 -4 -6 5 0 -10 9 0 0 3 3 0 3 -5 0 0 9 8 -9 -6 0 0 5 0 10 0 0 10 -10 -2 0 0 0 0 0 0 0 0 -5 1 6 -1 0 9 0 0 0 0 0 0 0 1 0 0 8 -8 5 0 -7 0 0 4 -1 0 0 0 -2 3 -10 0 0 -2 2 9 0 