150
150
-1 0 0 0 -1 -1 -1 0 0 -1 0 -1 0 0 -1 -1 -1 0 0 -1 0 0 0 -1 -1 0 0 -1 0 -1 0 -1 0 -1 0 0 -1 -1 0 0 0 0 -1 -1 -1 -1 0 0 -1 -1 0 0 -1 0 0 0 0 0 0 -1 0 -1 -1 0 -1 -1 -1 0 0 0 0 0 0 0 0 0 -1 0 -1 0 -1 -1 10 0 0 0 -1 0 -1 0 0 -1 -1 0 0 -1 -1 -1 0 -1 0 -1 0 0 -1 0 -1 -1 0 0 0 -1 -1 -1 0 -1 0 0 -1 0 0 -1 -1 0 -1 -1 0 0 -1 -1 0 -1 0 0 -1 0 -1 0 0 -1 -1 0 -1 0 0 0 -1 -1 0 0
-1 -1 0 -1 0 -1 0 -1 0 0 0 -1 0 -1 -1 0 -1 -1 0 0 0 -1 -1 0 -1 0 0 0 0 0 -1 -1 0 -1 -1 0 -1 0 -1 0 0 -1 0 0 -1 -1 0 -1 -1 -1 -1 0 0 0 0 -1 0 0 0 -1 -1 0 -1 0 -1 -1 0 -1 -1 -1 -1 -1 -1 -1 0 0 0 -1 0 -1 -1 -1 -1 -1 0 -1 0 -1 -1 0 -1 0 0 0 0 0 0 0 -1 0 0 -1 -1 -1 -1 -1 -1 -1 -1 0 -1 -1 0 0 -1 0 -1 -1 0 0 0 -1 -1 0 0 0 0 -1 0 0 0 0 -1 0 0 -1 0 -1 -1 0 0 0 -1 0 0 0 0 0 -1 0
-1 -1 -1 0 -1 0 0 -1 0 0 0 0 -1 0 -1 -1 -1 0 -1 0 0 0 -1 0 0 0 0 -1 -1 0 0 -1 0 -1 0 0 0 -1 -1 0 -1 -1 -1 0 0 -1 0 -1 -1 -1 -1 0 -1 -1 -1 -1 -1 0 0 0 -1 0 -1 -1 0 0 -1 -1 -1 0 -1 -1 -1 0 0 -1 0 0 0 -1 0 -1 0 0 0 0 -1 0 -1 -1 0 0 -1 0 0 -1 -1 0 -1 -1 -1 0 -1 0 0 0 0 0 -1 0 0 0 0 -1 0 0 -1 -1 0 -1 0 0 0 -1 -1 -1 0 -1 -1 -1 0 0 0 -1 0 -1 0 -1 -1 0 0 0 -1 -1 -1 0 -1 -1 -1 -1
-1 0 0 -1 0 0 0 -1 -1 -1 -1 -1 0 0 -1 0 -1 0 0 0 -1 -1 -1 0 0 0 -1 -1 -1 -1 0 -1 -1 0 0 -1 -1 0 -1 0 0 -1 -1 -1 -1 0 0 -1 -1 0 -1 -1 0 -1 -1 0 0 0 0 0 -1 0 0 -1 0 -1 0 0 -1 -1 0 -1 -1 -1 0 -1 -1 0 0 0 0 -1 0 0 -1 0 0 0 -1 -1 -1 0 -1 -1 -1 -1 -1 -1 0 0 0 0 0 0 0 -1 0 0 0 0 0 -1 0 -1 0 -1 -1 -1 0 -1 -1 0 -1 -1 -1 0 -1 -1 0 -1 0 0 -1 -1 -1 -1 0 0 0 -1 -1 -1 0 -1 0 0 -1 -1 0 0
-1 -1 0 0 -1 0 -1 0 -1 0 0 -1 0 -1 0 -1 -1 0 -1 0 0 0 -1 -1 -1 0 -1 0 -1 0 0 -1 0 -1 -1 0 -1 -1 -1 0 0 -1 -1 0 0 0 -1 -1 -1 -1 -1 -1 0 0 -1 -1 -1 -1 -1 -1 0 -1 0 -1 0 -1 0 0 -1 0 -1 0 -1 -1 0 0 -1 -1 -1 0 -1 -1 -1 0 -1 0 -1 0 -1 -1 0 -1 0 -1 -1 0 -1 0 0 0 0 -1 -1 0 -1 0 0 0 0 0 -1 -1 0 0 -1 -1 0 0 -1 -1 -1 0 -1 0 -1 -1 -1 0 0 0 -1 0 0 -1 -1 0 0 -1 0 0 0 -1 0 0 0 0 -1 0 -1 0
-1 -1 0 -1 -1 -1 0 0 -1 -1 -1 -1 0 -1 0 0 -1 0 -1 0 -1 -1 0 0 -1 0 -1 0 0 -1 -1 -1 0 -1 0 -1 -1 0 -1 -1 0 0 -1 0 -1 -1 0 0 0 -1 0 0 0 0 -1 -1 -1 0 -1 0 -1 -1 -1 -1 -1 -1 -1 0 -1 0 -1 0 0 0 0 -1 0 -1 -1 0 0 0 -1 0 -1 0 0 -1 0 -1 -1 0 0 -1 -1 0 0 0 0 -1 0 0 -1 -1 -1 -1 0 0 0 -1 -1 0 -1 -1 -1 0 0 -1 0 -1 0 -1 0 0 -1 0 0 -1 0 0 0 -1 0 0 -1 0 -1 0 -1 0 -1 0 0 -1 -1 -1 0 0 0 0
0 -1 0 0 -1 -1 -1 -1 0 0 -1 0 -1 -1 0 -1 -1 0 0 0 0 -1 0 0 0 0 -1 0 0 -1 0 -1 -1 -1 -1 0 -1 0 0 0 -1 0 0 0 -1 -1 0 -1 0 -1 0 0 0 -1 0 -1 0 0 -1 0 0 -1 -1 -1 -1 0 0 -1 -1 0 0 0 -1 0 0 0 0 -1 -1 -1 0 0 -1 -1 0 -1 0 -1 0 -1 0 -1 0 0 -1 -1 0 0 -1 0 -1 -1 -1 0 -1 -1 0 0 -1 0 -1 0 0 0 0 0 0 0 0 0 0 0 -1 -1 0 0 0 0 -1 -1 -1 0 0 0 0 -1 -1 0 0 0 -1 -1 0 0 -1 -1 0 0 0 -1
0 -1 0 -1 0 0 0 0 -1 0 -1 -1 -1 0 -1 -1 0 -1 -1 -1 0 0 -1 0 -1 0 -1 0 0 0 0 0 -1 0 -1 0 -1 -1 -1 0 0 -1 -1 0 -1 0 0 -1 0 0 -1 0 0 -1 -1 -1 0 0 0 0 0 0 -1 0 0 0 0 0 -1 0 0 -1 0 0 -1 -1 -1 -1 0 -1 0 -1 0 0 0 0 -1 0 0 0 -1 -1 0 0 0 0 -1 0 0 -1 0 -1 -1 -1 0 0 -1 -1 -1 -1 -1 0 0 0 0 -1 0 0 -1 -1 -1 0 0 0 -1 0 0 -1 -1 0 -1 0 -1 -1 -1 -1 0 0 -1 -1 -1 -1 -1 0 -1 0 0 -1 0 -1
-1 -1 -1 0 0 -1 0 0 0 -1 -1 -1 0 0 0 0 0 0 0 -1 -1 -1 0 -1 0 -1 -1 0 -1 -1 -1 0 0 0 0 -1 -1 -1 0 0 0 -1 -1 0 -1 -1 -1 -1 0 0 -1 0 0 0 0 -1 0 -1 0 0 0 0 -1 0 -1 0 -1 -1 -1 0 0 0 -1 -1 -1 0 -1 0 0 -1 -1 0 -1 0 -1 0 -1 0 0 0 -1 -1 -1 -1 0 -1 -1 -1 -1 0 0 0 -1 -1 -1 0 -1 -1 -1 -1 0 0 0 -1 -1 0 -1 0 0 -1 0 0 -1 -1 0 0 0 0 -1 -1 -1 0 0 -1 -1 0 -1 -1 0 -1 0 0 0 0 -1 -1 -1 0 -1 0
0 -1 -1 0 -1 0 -1 0 -1 -1 -1 -1 -1 0 0 -1 -1 -1 0 0 0 0 -1 0 -1 -1 0 -1 -1 0 0 0 -1 -1 -1 -1 -1 0 0 -1 0 0 -1 -1 -1 0 -1 -1 0 -1 0 -1 0 -1 -1 0 -1 0 -1 0 -1 0 -1 -1 0 -1 -1 -1 -1 -1 -1 -1 0 -1 -1 0 -1 0 0 -1 -1 -1 0 0 -1 0 -1 0 -1 -1 0 0 0 -1 -1 -1 -1 0 -1 0 0 -1 -1 0 0 0 0 -1 -1 -1 -1 -1 -1 0 -1 0 0 -1 0 0 0 -1 -1 -1 -1 0 0 -1 0 -1 0 0 -1 0 -1 0 0 0 -1 0 0 0 -1 -1 -1 0 0 -1 0 -1
0 -1 0 0 -1 -1 -1 -1 -1 -1 -1 -1 -1 0 -1 0 0 -1 -1 0 0 -1 0 -1 0 -1 0 0 0 -1 0 0 0 -1 -1 -1 -1 0 0 0 0 0 0 0 -1 0 -1 0 -1 -1 -1 0 0 0 -1 -1 0 -1 0 -1 0 0 0 -1 0 0 0 0 -1 0 0 -1 0 0 -1 0 -1 0 -1 0 0 -1 -1 -1 0 0 -1 -1 -1 0 0 -1 0 -1 -1 0 -1 0 -1 0 0 -1 0 0 0 -1 -1 -1 -1 0 0 0 0 -1 0 -1 0 -1 0 0 0 0 0 -1 0 0 0 0 0 0 0 0 0 -1 0 0 -1 0 -1 -1 -1 0 0 -1 0 -1 0 -1 0 -1
0 -1 -1 0 -1 0 -1 -1 0 -1 0 0 -1 -1 -1 0 -1 -1 0 -1 -1 0 -1 -1 0 0 -1 -1 -1 0 -1 0 0 -1 -1 0 0 0 0 0 0 0 -1 -1 -1 -1 0 -1 0 -1 -1 0 0 0 0 -1 -1 0 -1 0 0 -1 0 -1 -1 -1 -1 -1 0 0 -1 -1 -1 -1 -1 0 -1 -1 0 -1 -1 0 -1 -1 0 0 0 -1 0 -1 0 -1 0 -1 0 -1 -1 0 0 -1 -1 -1 0 -1 0 -1 0 0 0 0 0 0 -1 0 -1 0 -1 0 0 -1 0 0 -1 0 -1 -1 -1 0 0 0 -1 0 -1 0 0 0 -1 -1 0 -1 -1 -1 -1 0 0 -1 -1 0 0 -1
-1 0 0 0 0 0 -1 0 -1 -1 0 0 0 -1 -1 -1 -1 -1 0 0 -1 0 -1 -1 -1 0 -1 -1 -1 -1 -1 -1 -1 -1 0 -1 -1 -1 0 0 -1 -1 -1 -1 -1 -1 -1 0 -1 0 0 -1 0 0 -1 -1 -1 0 -1 0 -1 -1 0 -1 -1 0 0 -1 0 0 0 -1 -1 -1 -1 -1 -1 -1 0 -1 -1 -1 -1 -1 -1 0 -1 -1 0 -1 -1 -1 0 0 -1 0 -1 0 -1 0 -1 0 -1 -1 -1 -1 -1 0 0 0 -1 0 -1 0 -1 0 0 0 -1 -1 -1 0 -1 0 -1 0 0 -1 -1 -1 0 -1 -1 -1 0 -1 0 -1 -1 -1 0 -1 0 -1 -1 0 -1 -1 0 -1
0 -1 -1 0 -1 0 -1 0 0 -1 -1 0 -1 0 0 -1 -1 -1 -1 0 0 0 -1 -1 -1 -1 0 -1 0 -1 -1 0 -1 0 -1 0 0 0 -1 0 -1 -1 0 -1 -1 -1 -1 -1 0 -1 -1 0 0 -1 0 0 0 0 -1 0 -1 -1 0 0 -1 -1 -1 0 0 0 -1 -1 0 0 0 -1 -1 0 0 -1 0 -1 -1 0 0 -1 0 0 -1 -1 -1 -1 -1 0 0 0 0 0 0 -1 0 -1 0 0 0 -1 -1 -1 -1 -1 0 0 -1 -1 -1 0 -1 -1 0 -1 -1 0 0 0 -1 0 -1 -1 0 -1 -1 0 0 0 -1 0 0 0 0 0 -1 -1 -1 -1 -1 -1 -1 -1 -1 0
-1 -1 -1 0 0 -1 -1 0 -1 -1 0 -1 0 -1 0 -1 0 0 0 -1 -1 -1 0 0 -1 -1 0 -1 0 0 -1 0 -1 -1 -1 0 0 -1 0 0 0 -1 0 0 0 -1 -1 -1 0 -1 0 0 0 0 0 -1 0 -1 -1 0 -1 -1 -1 -1 0 -1 0 0 0 0 0 -1 -1 -1 0 0 -1 -1 -1 0 0 0 0 -1 -1 0 0 -1 0 -1 0 0 0 -1 -1 0 -1 -1 -1 -1 0 -1 0 -1 0 0 0 -1 -1 0 -1 0 0 -1 -1 0 -1 0 -1 0 0 0 -1 -1 0 -1 -1 0 0 -1 0 -1 -1 -1 0 -1 -1 0 -1 -1 -1 -1 0 0 -1 -1 0 0 -1 -1
-1 0 0 -1 0 -1 -1 0 -1 0 0 -1 0 0 0 0 0 0 0 -1 0 -1 0 -1 -1 -1 -1 0 -1 -1 0 0 0 -1 0 -1 0 0 0 -1 0 -1 0 -1 0 0 0 -1 0 0 -1 -1 -1 -1 -1 0 -1 0 0 0 0 0 -1 0 -1 0 -1 -1 0 -1 -1 -1 0 -1 0 -1 -1 0 0 -1 -1 0 0 0 -1 0 0 -1 0 -1 -1 0 0 0 0 -1 -1 -1 0 -1 -1 -1 0 -1 0 -1 0 -1 0 0 -1 0 0 -1 -1 0 0 -1 -1 -1 0 0 0 0 0 0 -1 0 0 -1 0 -1 0 -1 0 0 -1 0 0 -1 0 -1 0 0 -1 0 -1 0 0 0
-1 -1 0 -1 0 0 0 -1 0 -1 0 -1 0 0 0 -1 -1 -1 -1 0 0 0 0 0 0 0 0 0 -1 0 -1 0 0 -1 -1 0 0 -1 0 -1 0 0 0 0 0 -1 0 -1 -1 0 -1 -1 -1 0 0 0 -1 0 -1 -1 -1 -1 -1 0 -1 -1 0 -1 -1 0 0 0 -1 0 -1 0 -1 0 0 0 0 -1 0 -1 0 0 -1 0 -1 -1 0 -1 -1 -1 0 -1 0 0 -1 -1 -1 -1 -1 -1 -1 -1 0 0 -1 0 -1 0 -1 0 -1 -1 0 -1 0 0 0 -1 -1 0 -1 0 -1 -1 0 0 0 -1 0 0 0 0 0 -1 -1 0 -1 0 0 -1 -1 -1 -1 -1 0 -1
-1 -1 0 0 -1 -1 0 -1 -1 -1 -1 0 -1 0 -1 0 0 0 -1 -1 -1 -1 0 -1 0 -1 -1 -1 -1 -1 -1 0 0 0 -1 -1 0 0 -1 -1 0 0 0 -1 -1 0 0 -1 0 -1 0 0 -1 -1 0 0 0 -1 0 -1 -1 0 -1 0 0 -1 0 0 -1 -1 0 -1 0 -1 0 0 -1 0 -1 -1 0 0 0 -1 -1 -1 -1 -1 0 -1 -1 0 -1 0 -1 0 -1 0 -1 -1 -1 -1 0 0 0 0 0 -1 0 -1 0 -1 -1 0 -1 -1 0 -1 -1 0 0 -1 0 -1 -1 -1 0 -1 -1 0 0 -1 -1 0 0 -1 0 -1 0 -1 -1 -1 -1 -1 -1 -1 0 -1 -1 0
0 -1 -1 -1 0 -1 0 -1 0 -1 0 -1 -1 -1 -1 -1 -1 -1 0 -1 0 -1 0 -1 -1 0 0 0 -1 -1 0 -1 0 0 0 0 0 0 -1 0 -1 -1 0 0 0 0 0 -1 -1 -1 0 0 -1 0 -1 0 -1 -1 0 0 0 -1 0 0 -1 -1 -1 0 -1 -1 0 -1 0 0 -1 0 0 -1 0 -1 0 -1 0 -1 0 0 0 -1 -1 0 0 -1 -1 -1 0 0 0 -1 0 -1 -1 -1 -1 -1 0 -1 0 0 -1 0 -1 -1 -1 -1 -1 -1 0 -1 -1 0 -1 -1 0 0 0 0 -1 0 0 -1 0 -1 0 0 -1 0 -1 -1 -1 0 -1 0 0 0 -1 0 0 0 0 0
0 -1 0 0 -1 -1 -1 -1 0 -1 0 0 0 -1 0 -1 -1 -1 0 -1 0 -1 0 -1 0 -1 -1 -1 -1 0 -1 -1 -1 0 -1 0 0 0 0 0 -1 0 0 0 0 -1 0 0 -1 0 0 -1 0 0 -1 0 0 -1 0 0 0 -1 -1 0 -1 -1 -1 0 0 -1 0 -1 0 -1 -1 -1 -1 0 0 0 0 0 -1 0 -1 0 -1 0 0 0 -1 -1 -1 -1 0 0 -1 0 -1 -1 -1 0 0 -1 0 -1 0 -1 0 0 0 -1 -1 -1 -1 0 -1 0 -1 -1 -1 0 -1 0 0 -1 0 0 0 -1 0 -1 0 0 -1 0 0 -1 -1 -1 -1 -1 -1 -1 0 -1 -1 0 0 -1
0 -1 0 0 0 0 -1 0 0 -1 0 0 0 -1 0 -1 0 -1 -1 0 0 0 -1 -1 0 0 0 0 0 0 -1 -1 -1 -1 -1 -1 0 -1 0 0 0 -1 0 -1 0 -1 0 0 -1 0 0 -1 0 0 -1 0 -1 -1 0 -1 -1 0 0 -1 0 -1 -1 -1 0 0 0 -1 0 -1 0 0 -1 0 0 0 -1 0 0 -1 -1 0 0 0 0 -1 0 0 -1 -1 0 -1 0 0 0 0 0 -1 0 0 -1 0 0 -1 -1 0 -1 -1 -1 -1 0 0 0 -1 0 -1 -1 0 0 -1 0 -1 0 0 0 -1 0 0 0 -1 -1 -1 0 0 -1 0 0 -1 -1 -1 -1 0 0 0 -1 -1
-1 -1 -1 -1 -1 -1 -1 -1 0 0 -1 -1 -1 -1 -1 0 -1 0 0 0 0 0 -1 0 -1 -1 0 -1 -1 0 0 -1 0 -1 -1 0 -1 -1 0 -1 0 0 -1 -1 0 -1 0 -1 0 0 0 0 -1 0 -1 0 -1 -1 0 -1 -1 -1 0 -1 0 0 -1 -1 -1 -1 -1 0 0 0 0 -1 -1 -1 -1 -1 -1 -1 -1 0 -1 0 -1 0 -1 -1 -1 0 0 -1 0 -1 0 0 -1 -1 -1 0 -1 0 -1 0 0 -1 0 -1 -1 0 -1 0 0 0 -1 -1 -1 -1 -1 0 -1 -1 0 0 0 0 0 0 -1 -1 0 0 -1 -1 0 0 0 -1 0 -1 0 0 0 0 0 -1 -1 0
0 0 0 -1 0 0 -1 -1 0 -1 -1 0 0 -1 0 0 0 -1 0 -1 0 0 0 -1 -1 -1 -1 0 -1 0 0 0 0 -1 0 0 -1 -1 0 0 0 -1 0 -1 -1 -1 -1 -1 0 -1 0 -1 -1 -1 0 0 -1 0 0 0 0 -1 0 0 0 -1 -1 -1 -1 -1 -1 -1 -1 -1 -1 0 0 -1 0 0 0 -1 -1 -1 0 0 -1 0 -1 -1 0 0 0 0 -1 0 0 0 -1 -1 -1 -1 -1 -1 -1 0 -1 -1 0 0 0 0 0 0 0 -1 0 -1 -1 -1 0 -1 -1 -1 -1 -1 -1 0 0 0 -1 0 0 0 -1 0 0 -1 0 0 -1 0 -1 0 -1 -1 -1 -1 -1 -1
-1 0 0 -1 0 0 -1 -1 0 0 -1 0 -1 0 -1 0 -1 0 -1 -1 -1 0 -1 -1 0 -1 -1 0 0 0 0 0 -1 0 0 0 -1 0 -1 0 -1 0 -1 -1 -1 -1 0 0 0 0 -1 -1 -1 -1 0 0 -1 0 0 -1 -1 0 -1 0 -1 0 -1 -1 0 -1 -1 0 0 0 0 -1 0 -1 0 0 0 -1 -1 -1 0 -1 -1 -1 0 0 0 0 -1 -1 -1 -1 0 0 -1 -1 -1 -1 0 0 -1 -1 -1 -1 0 -1 0 -1 0 -1 0 0 0 0 0 -1 -1 -1 -1 -1 -1 -1 0 0 -1 0 0 0 -1 0 0 -1 -1 -1 0 0 0 0 -1 -1 -1 0 -1 -1 -1 0
-1 0 0 0 -1 -1 0 -1 -1 0 0 -1 0 -1 -1 0 -1 -1 0 0 0 -1 -1 0 -1 0 0 -1 0 -1 -1 0 0 -1 -1 0 -1 -1 -1 -1 -1 0 -1 0 0 0 0 0 0 0 0 0 0 -1 -1 -1 0 -1 0 0 0 0 0 0 -1 0 -1 0 0 0 0 0 0 -1 0 0 0 0 -1 -1 0 0 0 0 -1 -1 0 0 0 0 0 0 -1 0 0 -1 0 -1 -1 -1 -1 -1 0 -1 -1 -1 0 0 0 -1 0 -1 -1 -1 0 0 -1 0 -1 0 -1 -1 -1 0 -1 0 -1 0 0 0 0 -1 -1 -1 -1 -1 -1 -1 0 -1 -1 -1 0 0 -1 0 0 0 -1 0
0 -1 0 0 0 0 0 -1 0 -1 0 -1 0 0 0 0 -1 -1 0 0 -1 0 -1 -1 0 0 -1 0 -1 -1 0 -1 0 -1 0 0 0 0 -1 0 0 -1 0 -1 0 0 -1 0 -1 0 -1 0 0 0 -1 -1 -1 0 0 0 -1 0 -1 0 0 0 0 0 0 -1 -1 -1 -1 0 -1 0 -1 -1 0 -1 0 0 0 -1 -1 -1 -1 -1 -1 -1 -1 0 -1 -1 -1 -1 -1 -1 -1 0 -1 0 0 0 0 0 0 -1 -1 -1 -1 -1 -1 -1 0 -1 0 -1 -1 -1 -1 0 -1 0 0 0 -1 -1 0 0 0 0 -1 0 0 -1 0 0 -1 0 0 0 0 0 -1 -1 0 0 0 0
-1 -1 0 0 0 -1 -1 0 -1 0 0 -1 -1 0 0 -1 -1 0 0 0 0 0 0 -1 0 -1 -1 0 -1 0 -1 -1 0 -1 -1 -1 0 0 0 0 0 -1 -1 0 -1 0 0 -1 -1 -1 0 -1 -1 0 -1 0 -1 0 -1 -1 0 -1 -1 -1 0 -1 0 0 0 0 -1 0 0 0 -1 0 -1 0 0 -1 0 -1 -1 0 0 0 0 0 0 -1 0 0 -1 -1 0 -1 -1 0 0 0 0 -1 -1 0 0 -1 -1 0 -1 0 0 -1 -1 -1 -1 -1 -1 -1 0 0 -1 0 0 -1 0 -1 -1 0 0 -1 -1 0 -1 -1 -1 -1 0 0 0 -1 0 -1 -1 -1 -1 0 -1 -1 0 -1
0 0 0 -1 0 0 -1 -1 0 0 -1 -1 -1 0 0 -1 -1 -1 -1 0 -1 -1 0 -1 0 -1 -1 -1 -1 0 0 -1 0 0 0 -1 -1 0 0 0 0 -1 -1 0 0 -1 0 -1 -1 -1 -1 -1 0 0 0 -1 0 0 0 -1 0 0 0 0 0 0 0 0 0 0 0 0 -1 0 -1 0 -1 -1 0 0 0 -1 -1 0 -1 -1 -1 0 0 -1 -1 -1 0 -1 0 0 -1 0 0 -1 0 0 -1 0 -1 -1 0 0 -1 -1 0 0 0 0 0 -1 0 -1 0 -1 -1 0 0 -1 0 -1 0 0 -1 0 -1 -1 0 0 -1 0 -1 -1 -1 0 -1 -1 0 0 -1 -1 0 0 0 -1
-1 -1 -1 0 0 0 -1 -1 0 0 -1 -1 -1 0 -1 0 -1 -1 0 -1 -1 0 -1 -1 -1 -1 0 -1 0 0 0 -1 -1 -1 0 0 0 -1 -1 -1 0 -1 -1 0 -1 -1 0 0 0 0 -1 0 0 -1 0 -1 -1 0 -1 -1 -1 -1 0 -1 -1 -1 0 -1 -1 0 -1 -1 0 -1 -1 0 -1 0 -1 0 -1 -1 -1 -1 -1 -1 0 0 -1 0 0 -1 0 0 0 -1 -1 0 0 0 -1 0 0 0 0 -1 -1 0 0 0 -1 0 -1 0 0 -1 0 0 0 0 -1 -1 0 -1 -1 0 -1 -1 -1 -1 0 -1 -1 -1 0 -1 0 -1 0 0 -1 -1 0 -1 -1 0 0 0 0 0
-1 -1 -1 -1 -1 -1 0 -1 -1 0 -1 -1 0 -1 -1 0 -1 0 0 0 -1 -1 -1 0 0 -1 0 -1 0 -1 -1 -1 -1 0 0 -1 0 0 0 0 0 -1 0 -1 -1 0 -1 -1 0 0 -1 0 0 0 -1 -1 0 0 -1 -1 0 -1 0 -1 0 0 0 0 -1 -1 -1 -1 -1 -1 0 -1 0 0 0 0 0 -1 0 -1 -1 0 0 -1 0 -1 0 0 0 -1 -1 -1 0 0 -1 -1 0 0 0 0 0 0 -1 -1 0 0 -1 -1 -1 -1 0 -1 -1 0 0 -1 -1 -1 -1 -1 0 -1 -1 -1 -1 -1 -1 0 -1 0 -1 -1 -1 -1 0 0 -1 -1 -1 -1 0 -1 0 0 0 -1
-1 0 -1 0 -1 -1 -1 -1 -1 -1 0 0 -1 0 0 -1 -1 0 0 -1 0 -1 -1 -1 0 -1 0 -1 -1 -1 -1 -1 -1 0 0 0 -1 0 0 0 -1 0 -1 0 0 -1 0 0 -1 0 -1 -1 0 0 0 -1 0 0 -1 -1 0 0 -1 -1 0 0 -1 -1 -1 -1 0 0 0 -1 0 -1 0 0 0 0 0 -1 -1 0 0 0 -1 -1 0 -1 -1 0 0 0 0 -1 0 0 -1 0 -1 -1 -1 0 0 -1 0 0 0 0 -1 -1 0 -1 0 -1 0 0 0 0 -1 -1 0 -1 0 -1 0 0 -1 0 0 0 -1 0 -1 -1 0 0 -1 -1 0 -1 -1 -1 0 0 0 0 -1 0
0 -1 0 -1 0 -1 0 -1 0 -1 0 -1 -1 0 -1 0 0 0 0 0 0 0 0 -1 0 -1 0 0 0 0 -1 0 0 0 0 0 -1 0 0 0 -1 0 0 -1 -1 0 -1 0 0 0 -1 0 -1 0 -1 0 0 -1 -1 -1 0 0 -1 -1 0 0 -1 0 0 0 0 -1 0 -1 -1 0 0 -1 0 -1 0 -1 -1 -1 0 0 -1 -1 0 -1 -1 0 -1 0 -1 0 0 0 -1 -1 -1 -1 -1 0 -1 0 0 -1 0 -1 -1 0 0 0 -1 -1 0 0 -1 0 -1 -1 -1 -1 0 0 0 0 -1 0 -1 -1 -1 0 -1 0 0 -1 -1 0 0 -1 -1 -1 -1 0 -1 -1 0 0
0 0 0 0 0 0 0 0 0 -1 -1 0 -1 -1 0 0 0 -1 -1 0 0 -1 -1 0 -1 -1 0 0 -1 0 0 -1 -1 0 -1 -1 -1 0 0 0 0 0 0 0 0 0 0 -1 -1 -1 0 -1 0 0 0 -1 -1 0 0 0 -1 0 0 0 -1 -1 0 -1 0 0 0 -1 -1 -1 0 0 0 0 0 0 -1 0 0 0 -1 0 0 0 0 0 -1 -1 -1 -1 -1 -1 -1 -1 0 -1 -1 0 0 0 -1 -1 -1 -1 -1 -1 0 -1 -1 -1 -1 0 -1 0 -1 0 -1 -1 -1 -1 0 -1 0 0 -1 -1 0 -1 -1 0 0 0 0 -1 0 -1 0 0 -1 -1 0 0 -1 -1 0 -1
0 -1 -1 0 -1 -1 -1 -1 -1 0 -1 0 0 0 -1 0 0 -1 0 0 0 0 0 -1 0 0 0 -1 -1 -1 -1 0 -1 0 0 0 -1 -1 -1 -1 0 -1 0 -1 0 -1 -1 -1 -1 0 -1 0 0 -1 0 -1 -1 0 -1 0 0 0 -1 0 -1 -1 -1 -1 -1 -1 -1 0 0 0 0 -1 0 0 -1 0 0 0 0 0 -1 0 -1 -1 -1 0 0 0 -1 -1 0 -1 -1 -1 -1 0 -1 0 -1 0 0 0 0 0 0 0 -1 0 -1 0 0 -1 -1 0 0 -1 0 -1 -1 -1 -1 0 0 0 0 -1 0 0 0 0 -1 0 0 -1 -1 -1 0 -1 0 0 -1 -1 0 -1 -1 0
0 -1 0 0 0 -1 -1 0 0 0 -1 0 0 0 0 -1 0 0 0 0 0 -1 0 -1 0 0 0 0 -1 -1 -1 -1 -1 0 -1 -1 -1 0 0 -1 -1 -1 -1 -1 -1 0 -1 -1 0 -1 -1 -1 0 -1 0 -1 -1 0 0 -1 0 -1 -1 -1 -1 -1 -1 0 0 -1 -1 0 0 0 0 0 -1 0 -1 0 -1 0 0 -1 0 0 0 0 0 -1 -1 -1 -1 -1 0 0 -1 -1 0 0 0 0 -1 0 -1 -1 0 -1 0 -1 0 0 -1 0 -1 0 0 -1 -1 -1 -1 0 0 -1 -1 0 0 0 0 0 0 0 0 0 -1 0 0 -1 -1 -1 0 0 -1 -1 -1 0 -1 -1 -1 -1
-1 -1 0 0 -1 0 0 -1 -1 0 -1 -1 0 -1 0 -1 -1 0 0 -1 0 0 0 -1 0 -1 -1 0 0 -1 0 0 -1 0 -1 0 0 0 0 -1 -1 0 0 -1 -1 -1 0 0 0 -1 -1 0 0 0 0 0 -1 0 0 0 0 0 0 0 0 0 0 0 0 0 0 0 -1 -1 0 -1 -1 0 0 0 -1 0 0 -1 -1 0 0 -1 -1 0 -1 -1 0 -1 -1 0 0 0 0 -1 0 -1 -1 -1 0 0 0 -1 -1 -1 0 -1 -1 -1 -1 -1 0 -1 -1 -1 0 -1 -1 -1 0 0 0 0 -1 0 0 -1 0 0 0 0 0 -1 -1 -1 -1 -1 0 -1 0 0 -1 0 -1 0
0 0 -1 0 -1 -1 -1 -1 0 -1 0 -1 -1 -1 0 -1 -1 0 -1 0 -1 0 0 0 0 0 -1 -1 0 -1 -1 0 -1 -1 -1 0 0 0 0 -1 -1 0 -1 0 0 -1 -1 0 0 0 -1 0 -1 -1 0 0 0 0 -1 -1 -1 0 0 -1 0 -1 -1 0 -1 0 0 0 0 -1 -1 -1 0 -1 0 0 -1 0 0 0 0 -1 0 -1 -1 0 0 -1 0 0 -1 -1 -1 0 0 -1 -1 0 -1 0 0 -1 0 -1 -1 0 -1 -1 0 -1 -1 -1 0 -1 0 0 -1 0 -1 0 -1 0 0 0 -1 -1 -1 -1 0 -1 0 -1 0 -1 -1 -1 0 0 0 -1 0 -1 0 -1 -1 -1
0 -1 -1 0 0 -1 -1 0 0 0 -1 0 -1 -1 0 -1 -1 -1 0 0 -1 0 -1 -1 -1 0 0 -1 0 0 0 0 0 0 0 0 -1 -1 0 -1 -1 -1 0 -1 -1 0 0 0 -1 -1 0 -1 0 0 0 -1 0 0 0 -1 0 -1 0 0 0 -1 0 -1 -1 -1 -1 -1 0 -1 -1 -1 0 0 0 0 -1 -1 0 -1 -1 0 0 0 -1 0 0 0 0 0 -1 -1 -1 -1 0 0 0 -1 0 -1 -1 0 0 -1 -1 -1 -1 0 -1 0 0 -1 0 0 0 0 0 -1 0 -1 -1 -1 -1 -1 0 0 0 -1 -1 -1 -1 -1 -1 0 -1 -1 0 0 0 -1 -1 -1 0 -1 -1 -1
-1 0 0 0 -1 0 0 -1 -1 0 0 -1 0 0 -1 0 0 -1 -1 -1 -1 0 0 0 0 -1 -1 0 0 0 -1 0 -1 -1 0 -1 0 0 0 0 -1 -1 -1 0 0 0 -1 0 -1 0 -1 0 -1 -1 0 0 0 0 -1 0 0 -1 0 0 0 0 0 0 0 -1 -1 -1 0 -1 0 -1 -1 -1 0 0 -1 -1 -1 0 -1 0 0 0 0 0 -1 0 0 -1 0 0 -1 0 -1 0 -1 -1 -1 0 0 -1 -1 -1 0 -1 -1 0 0 -1 0 0 -1 -1 -1 0 0 0 0 -1 -1 0 -1 0 -1 0 0 -1 0 0 -1 -1 -1 -1 -1 0 -1 0 -1 0 0 -1 -1 -1 -1 0
0 0 -1 -1 -1 0 0 -1 -1 -1 -1 0 -1 0 -1 -1 0 0 -1 0 -1 -1 -1 -1 -1 0 -1 -1 0 -1 -1 -1 0 0 0 0 0 0 0 0 0 -1 -1 0 0 0 -1 0 -1 -1 0 -1 -1 -1 -1 -1 -1 0 -1 -1 0 0 -1 -1 0 0 0 -1 0 0 0 -1 -1 0 0 -1 -1 0 0 -1 0 -1 -1 0 0 0 0 0 0 0 -1 0 -1 0 -1 -1 0 -1 -1 -1 0 -1 0 0 -1 0 -1 -1 -1 0 -1 0 -1 0 -1 -1 -1 -1 0 0 0 -1 0 -1 0 -1 0 -1 0 -1 -1 0 0 0 0 0 -1 0 -1 0 0 0 0 0 -1 -1 -1 -1 0 -1
-1 0 0 -1 0 0 -1 -1 0 0 -1 0 -1 0 -1 -1 -1 -1 -1 0 0 0 -1 -1 -1 -1 0 0 0 -1 0 -1 -1 -1 -1 0 0 -1 0 -1 0 -1 -1 0 -1 -1 -1 -1 0 -1 0 -1 0 0 -1 -1 0 -1 -1 0 0 -1 -1 -1 0 0 0 -1 -1 0 0 -1 -1 0 0 -1 -1 0 0 -1 -1 -1 0 0 -1 -1 -1 -1 0 -1 -1 0 0 0 -1 0 -1 0 -1 0 0 -1 0 0 0 0 0 -1 -1 -1 -1 0 -1 0 0 -1 -1 -1 0 -1 0 -1 0 0 -1 -1 -1 0 0 -1 0 -1 0 0 -1 0 -1 -1 0 -1 -1 0 -1 -1 0 0 0 0 0 0
0 0 -1 0 -1 -1 -1 -1 -1 0 0 0 0 0 -1 0 0 -1 -1 -1 0 -1 -1 -1 0 -1 0 0 0 0 -1 -1 0 0 0 0 -1 -1 0 0 0 0 -1 0 -1 -1 0 0 -1 -1 -1 0 0 0 -1 -1 0 -1 0 -1 -1 -1 0 0 -1 -1 0 -1 0 0 0 0 -1 -1 -1 0 0 -1 0 -1 -1 0 0 -1 -1 0 -1 -1 -1 0 -1 -1 -1 0 0 -1 0 0 0 -1 0 0 -1 0 -1 -1 -1 -1 0 0 0 0 -1 0 -1 0 -1 -1 0 -1 0 -1 -1 0 -1 -1 0 -1 0 0 0 0 0 0 -1 0 0 -1 -1 -1 -1 -1 -1 -1 -1 0 0 0 -1 0
0 0 0 -1 -1 0 0 0 0 -1 -1 -1 -1 0 0 -1 0 0 0 0 0 0 0 0 -1 -1 0 0 -1 0 -1 -1 0 -1 -1 0 -1 -1 -1 0 -1 -1 -1 0 -1 -1 0 0 -1 0 0 -1 0 -1 0 -1 0 0 0 -1 -1 -1 0 0 -1 0 0 0 -1 -1 -1 -1 0 0 -1 0 -1 0 -1 0 0 -1 -1 0 -1 -1 0 0 0 -1 -1 0 -1 0 0 -1 -1 0 0 -1 0 0 -1 0 0 -1 -1 0 0 0 -1 -1 -1 0 0 0 -1 -1 0 -1 0 0 -1 0 -1 -1 0 -1 -1 -1 0 0 -1 0 0 -1 0 -1 0 0 -1 -1 0 -1 0 -1 -1 -1 0 -1
-1 -1 -1 -1 -1 -1 0 0 -1 -1 -1 -1 0 -1 0 -1 0 0 -1 -1 0 0 0 -1 -1 -1 -1 -1 0 0 -1 -1 -1 -1 -1 0 0 0 -1 0 0 0 -1 0 0 -1 0 0 -1 0 -1 -1 0 0 0 -1 0 -1 0 -1 -1 0 0 -1 -1 0 -1 0 0 0 -1 0 0 -1 0 0 -1 0 -1 0 0 -1 0 0 0 0 -1 -1 0 0 0 0 -1 -1 0 0 -1 0 0 0 -1 -1 -1 0 -1 -1 0 0 -1 0 0 -1 -1 0 -1 -1 0 -1 -1 -1 0 0 -1 0 -1 0 0 0 -1 0 0 -1 0 -1 -1 0 0 0 0 -1 0 0 0 -1 0 -1 -1 -1 -1 0
-1 0 -1 -1 -1 -1 0 0 -1 -1 0 -1 -1 0 -1 -1 0 -1 0 0 0 -1 0 0 -1 -1 -1 -1 0 -1 -1 -1 -1 -1 -1 0 0 -1 0 -1 0 0 -1 0 -1 -1 -1 0 -1 0 0 0 -1 0 0 -1 -1 -1 0 -1 -1 -1 0 -1 -1 0 -1 -1 -1 -1 0 0 0 -1 0 -1 0 -1 0 -1 -1 -1 0 -1 -1 0 -1 -1 -1 -1 0 0 0 -1 -1 0 -1 -1 0 0 0 -1 -1 0 -1 0 -1 0 -1 -1 -1 0 0 -1 -1 0 0 0 0 0 -1 0 -1 -1 -1 -1 -1 0 -1 0 -1 0 -1 -1 -1 -1 -1 -1 0 0 0 -1 -1 -1 -1 0 0 0 -1 0
0 -1 -1 0 -1 -1 0 0 0 0 0 -1 -1 0 -1 0 0 -1 0 0 0 -1 0 -1 -1 -1 0 -1 -1 0 -1 -1 -1 -1 0 -1 0 -1 -1 0 0 -1 -1 -1 -1 0 0 -1 0 -1 0 -1 -1 0 -1 -1 -1 -1 -1 0 0 0 -1 0 -1 0 -1 -1 -1 -1 0 -1 -1 0 -1 -1 -1 0 0 0 -1 0 -1 0 -1 0 -1 0 0 0 -1 -1 -1 -1 -1 -1 0 -1 -1 -1 0 0 -1 -1 0 -1 0 0 0 -1 0 0 0 0 0 0 0 -1 -1 -1 0 -1 0 0 -1 0 0 0 0 0 0 0 0 0 -1 -1 -1 -1 -1 0 0 -1 0 0 0 -1 -1 -1 0 -1
-1 -1 0 0 0 -1 -1 0 0 -1 -1 0 0 -1 0 0 0 -1 0 0 -1 0 -1 -1 0 -1 0 0 0 -1 0 0 0 -1 0 -1 0 0 -1 -1 0 -1 -1 -1 0 -1 0 0 -1 -1 -1 -1 -1 0 0 -1 -1 0 -1 -1 0 0 0 -1 -1 -1 -1 0 0 -1 -1 -1 -1 -1 -1 -1 -1 -1 0 0 -1 0 -1 0 -1 0 -1 0 -1 0 -1 -1 -1 0 -1 0 0 0 -1 0 -1 -1 -1 -1 -1 0 -1 -1 -1 0 -1 0 0 -1 0 0 -1 0 0 -1 0 0 0 0 -1 -1 0 -1 -1 0 0 0 -1 -1 0 0 0 0 0 0 0 0 -1 0 0 0 0 -1 0 -1
-1 -1 0 -1 0 0 0 -1 0 0 -1 -1 0 -1 0 -1 -1 -1 0 0 -1 -1 0 -1 0 0 -1 -1 0 -1 0 -1 0 0 0 0 0 0 -1 0 -1 0 0 -1 -1 -1 0 0 -1 -1 0 -1 -1 0 0 -1 0 -1 -1 0 -1 -1 0 -1 0 0 -1 0 0 -1 -1 0 -1 0 -1 -1 -1 -1 -1 -1 -1 0 0 0 -1 0 0 -1 -1 0 0 -1 -1 -1 -1 0 0 0 -1 0 -1 -1 -1 -1 0 -1 0 -1 0 -1 -1 0 0 -1 -1 -1 -1 -1 0 0 -1 0 -1 -1 0 -1 0 0 0 0 -1 -1 0 0 0 -1 -1 -1 0 -1 -1 -1 -1 -1 0 0 0 0 0 -1
0 -1 0 0 -1 0 0 0 -1 0 0 0 -1 -1 0 -1 0 -1 0 -1 0 0 -1 -1 0 -1 0 0 -1 0 -1 -1 0 0 -1 0 -1 -1 0 0 -1 -1 -1 -1 -1 0 -1 -1 0 0 -1 0 0 -1 0 -1 -1 -1 -1 -1 0 0 0 0 0 -1 0 0 0 0 0 -1 0 0 -1 -1 0 -1 -1 0 -1 0 -1 0 0 -1 -1 0 0 -1 -1 0 -1 0 0 -1 0 0 -1 0 0 -1 -1 -1 0 0 0 -1 -1 -1 0 -1 -1 0 -1 -1 0 -1 0 -1 0 0 0 0 0 0 -1 0 0 -1 0 -1 -1 0 0 0 -1 0 -1 0 0 0 -1 0 0 -1 -1 0 0 -1
0 -1 -1 -1 -1 -1 -1 -1 -1 -1 -1 0 -1 0 -1 0 0 -1 -1 0 0 0 -1 -1 -1 -1 -1 0 -1 0 -1 0 0 0 0 0 0 -1 -1 0 0 0 -1 -1 -1 -1 -1 -1 -1 -1 -1 0 -1 0 -1 -1 0 -1 -1 0 -1 -1 -1 0 0 -1 -1 0 -1 -1 -1 0 -1 0 -1 0 -1 0 0 -1 0 0 -1 0 -1 0 0 -1 0 0 -1 -1 0 -1 0 0 0 0 0 -1 0 -1 -1 -1 -1 -1 -1 0 0 -1 -1 -1 0 -1 -1 -1 -1 -1 -1 -1 0 0 -1 -1 0 0 0 0 -1 -1 0 0 0 0 -1 0 -1 -1 0 0 -1 -1 -1 0 -1 -1 0 -1 -1 0
-1 -1 0 0 -1 0 0 0 0 -1 0 -1 0 0 -1 0 -1 0 0 0 0 0 -1 0 0 0 0 -1 -1 0 0 0 0 0 -1 0 -1 0 0 -1 -1 0 0 -1 0 -1 -1 -1 0 0 0 -1 -1 -1 -1 -1 -1 0 -1 0 -1 0 0 -1 -1 -1 -1 0 0 -1 0 -1 -1 0 -1 -1 -1 0 -1 -1 0 -1 0 0 0 0 0 0 0 -1 -1 -1 -1 0 0 -1 0 0 0 -1 0 -1 0 -1 0 0 -1 -1 -1 -1 -1 0 0 -1 0 0 -1 -1 -1 -1 0 0 -1 -1 0 -1 0 0 0 0 0 -1 -1 0 0 -1 -1 -1 -1 0 0 -1 0 -1 0 0 0 -1 -1 -1
0 -1 0 0 -1 -1 0 0 -1 -1 0 0 0 0 0 -1 -1 0 0 0 -1 -1 -1 0 0 -1 -1 0 -1 0 -1 0 -1 0 -1 -1 -1 -1 0 -1 -1 -1 -1 0 0 -1 0 -1 -1 -1 0 0 -1 -1 -1 -1 -1 -1 -1 -1 -1 -1 0 0 0 -1 -1 -1 -1 0 0 0 0 -1 0 -1 -1 -1 0 0 -1 -1 0 -1 -1 -1 0 0 -1 -1 -1 -1 -1 0 -1 -1 -1 0 -1 0 -1 0 0 0 0 0 -1 0 -1 0 -1 0 -1 0 -1 0 0 -1 -1 0 0 0 -1 -1 -1 -1 -1 -1 -1 0 -1 0 -1 0 -1 -1 0 0 0 0 -1 -1 -1 0 0 -1 0 -1 -1 -1
0 -1 -1 0 -1 -1 0 0 -1 0 0 0 0 0 -1 -1 0 -1 -1 -1 -1 -1 0 -1 -1 0 0 -1 -1 -1 -1 -1 -1 0 0 0 -1 0 -1 0 -1 0 0 0 -1 -1 0 0 0 -1 0 0 0 0 0 -1 -1 0 -1 -1 0 -1 0 0 -1 0 -1 -1 0 0 0 0 0 -1 -1 0 0 -1 -1 0 -1 -1 -1 -1 0 -1 -1 0 -1 -1 -1 -1 0 -1 0 -1 -1 -1 0 0 -1 0 -1 0 0 -1 0 -1 0 -1 -1 -1 0 0 0 -1 0 0 -1 -1 -1 0 0 0 -1 0 -1 -1 -1 -1 -1 -1 -1 0 0 -1 -1 0 -1 -1 0 -1 -1 0 0 -1 0 -1 -1 -1
0 -1 0 0 0 0 0 0 -1 -1 0 0 -1 0 -1 0 -1 -1 0 0 -1 0 -1 0 0 0 0 -1 -1 -1 -1 -1 -1 -1 -1 0 -1 0 0 -1 0 -1 0 -1 -1 0 0 -1 0 -1 -1 -1 0 0 0 0 0 -1 0 -1 -1 0 -1 0 0 0 -1 0 0 -1 -1 0 -1 -1 -1 0 0 0 -1 -1 -1 0 -1 0 0 -1 -1 0 -1 -1 -1 -1 -1 0 0 -1 -1 -1 0 0 0 -1 -1 0 0 -1 0 -1 0 -1 0 0 -1 0 -1 0 -1 0 -1 0 0 -1 -1 -1 0 0 0 -1 -1 -1 -1 -1 0 0 -1 0 -1 0 -1 -1 0 0 -1 0 0 -1 0 0 0 -1
-1 -1 0 -1 0 -1 0 -1 0 -1 -1 -1 0 -1 0 0 -1 -1 -1 0 0 -1 0 0 -1 0 -1 0 0 0 -1 0 -1 -1 -1 0 0 -1 -1 0 0 -1 0 0 -1 -1 0 0 -1 -1 0 -1 0 0 -1 0 -1 -1 -1 -1 0 0 0 0 0 0 -1 -1 0 0 -1 -1 0 0 -1 0 -1 0 0 0 0 -1 0 0 -1 -1 -1 0 0 -1 0 0 -1 -1 0 -1 0 0 0 0 -1 -1 -1 -1 0 -1 0 0 0 -1 -1 0 -1 0 -1 -1 -1 -1 0 -1 0 -1 -1 0 -1 0 0 -1 0 -1 -1 -1 -1 0 0 0 -1 -1 0 -1 -1 0 -1 -1 0 0 0 -1 -1 -1
0 -1 -1 -1 -1 -1 -1 0 -1 -1 0 -1 0 -1 -1 0 -1 0 -1 -1 0 -1 -1 -1 0 -1 0 -1 0 0 0 -1 -1 0 -1 0 0 0 0 -1 0 -1 0 0 -1 -1 -1 0 0 -1 0 -1 0 -1 0 0 -1 0 0 0 -1 -1 0 0 0 -1 0 0 0 -1 0 -1 0 -1 -1 -1 -1 0 0 0 -1 0 0 0 0 0 0 0 0 -1 -1 0 -1 -1 0 0 -1 -1 -1 0 -1 -1 0 0 -1 0 0 -1 0 0 -1 -1 0 -1 0 0 -1 0 -1 -1 0 -1 -1 0 -1 0 -1 -1 0 0 0 -1 -1 -1 -1 -1 0 0 -1 -1 -1 -1 -1 0 -1 0 -1 -1 0 0
-1 0 0 -1 -1 -1 -1 -1 0 0 -1 -1 -1 -1 -1 0 0 0 0 -1 0 0 -1 0 0 0 0 -1 -1 -1 0 -1 -1 -1 -1 0 -1 0 -1 0 -1 -1 -1 0 -1 0 0 -1 -1 -1 -1 0 -1 0 0 -1 0 0 -1 0 0 0 -1 -1 -1 -1 -1 -1 0 -1 0 -1 0 0 -1 0 -1 -1 0 0 0 0 -1 -1 0 -1 -1 0 0 0 0 0 -1 -1 -1 -1 -1 0 -1 -1 0 0 0 0 -1 0 0 0 -1 -1 0 0 0 -1 0 0 -1 0 0 -1 -1 -1 -1 0 0 -1 -1 0 -1 -1 -1 0 0 0 -1 0 -1 -1 0 -1 0 -1 -1 0 0 0 0 -1 -1 0
-1 0 -1 -1 0 -1 -1 0 -1 0 0 0 0 0 0 0 -1 -1 0 0 -1 0 0 -1 -1 -1 0 -1 0 -1 -1 0 -1 -1 -1 0 -1 0 0 -1 -1 -1 0 -1 -1 -1 -1 -1 -1 0 0 0 -1 -1 0 0 0 0 0 -1 -1 -1 0 0 -1 -1 -1 -1 -1 -1 0 0 -1 0 -1 -1 -1 0 0 -1 -1 0 0 -1 0 -1 -1 0 -1 0 0 -1 0 0 -1 0 0 -1 -1 0 -1 0 -1 -1 0 -1 0 -1 -1 0 -1 -1 -1 -1 0 -1 0 -1 0 0 0 -1 -1 0 -1 -1 -1 -1 -1 -1 0 0 0 -1 -1 -1 0 -1 -1 -1 0 0 0 0 -1 0 -1 -1 -1 0
-1 -1 -1 -1 -1 0 0 0 -1 0 -1 -1 -1 -1 -1 0 -1 -1 -1 0 -1 0 -1 0 -1 0 -1 0 0 0 0 -1 -1 0 0 0 -1 -1 -1 0 0 0 -1 0 -1 -1 -1 0 -1 -1 0 -1 -1 0 -1 0 -1 0 -1 0 0 -1 -1 -1 0 -1 0 -1 0 -1 0 0 0 -1 -1 0 -1 0 -1 0 -1 -1 0 -1 -1 0 -1 -1 -1 -1 -1 0 -1 0 0 -1 0 -1 -1 -1 -1 -1 0 -1 0 0 -1 0 0 0 0 0 -1 0 -1 0 -1 -1 -1 0 -1 0 0 -1 -1 0 0 0 0 -1 -1 -1 -1 0 -1 -1 -1 0 -1 0 0 0 -1 -1 -1 -1 0 0 -1 0
0 -1 -1 0 0 -1 -1 -1 0 -1 0 -1 0 -1 0 -1 0 0 0 0 0 -1 0 -1 -1 -1 -1 -1 -1 -1 -1 0 0 0 0 0 -1 -1 0 -1 0 -1 -1 0 0 -1 -1 -1 0 -1 -1 -1 -1 -1 0 0 -1 -1 -1 0 0 -1 0 -1 -1 0 -1 -1 -1 -1 -1 0 0 0 -1 -1 -1 -1 -1 0 0 -1 -1 -1 -1 -1 -1 -1 0 -1 -1 -1 0 0 -1 0 -1 -1 0 -1 -1 -1 0 -1 -1 0 -1 -1 0 -1 -1 -1 0 -1 -1 -1 -1 -1 -1 -1 0 -1 0 0 -1 0 0 -1 0 0 0 0 -1 0 -1 -1 0 -1 -1 -1 0 0 0 0 0 -1 -1 -1 0 0
-1 0 -1 0 -1 -1 -1 0 -1 -1 0 0 0 0 -1 -1 -1 -1 -1 0 -1 0 0 0 -1 0 -1 -1 0 0 0 -1 -1 -1 0 -1 -1 0 -1 0 -1 0 -1 -1 0 0 0 0 -1 -1 -1 0 0 -1 -1 0 0 -1 -1 -1 0 0 -1 -1 0 -1 0 -1 0 0 0 0 0 -1 0 -1 -1 -1 -1 -1 -1 0 -1 -1 -1 -1 -1 -1 -1 -1 0 0 0 0 -1 0 -1 0 -1 0 0 0 -1 -1 -1 -1 0 -1 0 -1 0 0 -1 0 -1 0 0 -1 -1 -1 0 -1 -1 0 -1 -1 0 -1 -1 0 -1 -1 -1 0 -1 0 0 0 -1 0 -1 -1 0 -1 0 -1 -1 -1 -1 -1
0 0 -1 -1 0 -1 0 -1 -1 0 0 -1 0 0 -1 -1 -1 0 -1 -1 -1 0 0 0 0 0 0 -1 0 -1 -1 0 0 -1 -1 0 -1 0 0 -1 -1 -1 -1 0 -1 0 0 -1 -1 -1 -1 0 0 -1 -1 0 -1 0 0 0 -1 -1 -1 -1 0 0 0 -1 0 -1 -1 -1 0 0 0 0 0 0 0 -1 0 0 0 -1 -1 -1 -1 0 0 -1 0 0 0 0 -1 0 -1 -1 -1 -1 -1 -1 0 -1 0 0 0 -1 -1 -1 -1 0 -1 0 0 -1 0 0 -1 0 0 0 0 0 0 0 0 0 -1 0 -1 -1 -1 0 -1 0 0 0 -1 -1 0 0 0 -1 0 0 0 -1 0 0
-1 -1 0 -1 -1 0 0 -1 -1 0 0 0 0 0 0 0 -1 0 0 -1 -1 0 0 0 0 -1 0 0 -1 -1 0 0 -1 0 -1 -1 -1 -1 -1 0 -1 -1 0 -1 0 -1 -1 -1 -1 0 0 -1 0 0 0 0 -1 0 -1 -1 0 -1 0 -1 0 -1 -1 -1 -1 -1 -1 -1 -1 -1 0 0 -1 -1 -1 0 -1 0 0 -1 0 0 0 -1 0 -1 0 -1 -1 0 0 -1 -1 -1 -1 -1 -1 -1 0 0 0 -1 0 -1 -1 0 0 -1 -1 -1 0 -1 0 0 -1 -1 0 -1 -1 0 -1 0 0 -1 0 0 -1 0 0 -1 -1 0 -1 0 -1 -1 0 0 -1 0 0 0 -1 0 0 0
0 -1 0 0 -1 -1 -1 0 -1 0 -1 0 -1 -1 -1 0 -1 -1 0 0 -1 0 -1 -1 -1 -1 0 -1 -1 -1 0 -1 -1 0 0 0 0 0 -1 0 0 0 -1 -1 -1 -1 0 0 0 0 0 -1 -1 -1 0 -1 0 0 0 0 0 0 0 0 -1 -1 -1 0 0 0 0 0 -1 -1 0 -1 0 -1 -1 -1 0 -1 -1 -1 0 0 -1 0 0 0 0 0 -1 0 0 0 0 0 0 0 -1 0 -1 -1 0 0 0 -1 0 0 -1 0 0 -1 -1 -1 0 -1 0 0 0 -1 0 -1 0 0 -1 -1 -1 -1 -1 0 0 -1 0 -1 0 0 0 -1 -1 -1 -1 -1 0 -1 0 -1 -1 0
-1 0 0 0 -1 -1 0 -1 -1 0 -1 0 0 -1 -1 0 0 -1 0 0 -1 0 0 0 0 0 0 0 0 0 -1 0 -1 0 0 0 -1 0 0 -1 0 0 -1 -1 0 0 -1 -1 -1 0 -1 0 -1 -1 -1 -1 -1 0 -1 -1 0 0 0 -1 -1 0 0 0 -1 0 -1 0 0 0 -1 -1 -1 -1 0 0 0 0 0 -1 0 0 -1 -1 0 0 -1 -1 -1 -1 0 -1 -1 -1 -1 -1 -1 0 0 -1 -1 -1 -1 -1 0 0 -1 -1 -1 -1 -1 0 -1 0 0 -1 -1 0 0 -1 0 0 -1 -1 0 -1 -1 0 0 -1 0 0 0 -1 -1 0 -1 0 -1 0 -1 -1 0 0 -1 -1
-1 0 -1 -1 0 -1 0 -1 -1 0 -1 -1 0 -1 -1 -1 0 -1 0 0 -1 0 -1 -1 0 0 -1 0 -1 -1 0 0 -1 -1 -1 -1 0 -1 -1 0 0 0 -1 -1 0 -1 -1 0 -1 0 -1 0 0 0 -1 -1 -1 -1 -1 0 0 -1 -1 -1 0 0 0 -1 -1 0 0 0 -1 0 0 0 -1 -1 -1 -1 -1 -1 0 -1 0 -1 -1 -1 0 0 0 0 -1 0 -1 0 0 0 -1 -1 -1 -1 -1 -1 0 0 0 0 -1 0 0 -1 -1 -1 -1 -1 0 0 -1 -1 0 -1 -1 -1 0 0 0 0 -1 -1 0 -1 0 -1 -1 0 0 -1 0 -1 0 0 0 0 -1 -1 0 -1 -1 -1
0 0 -1 -1 -1 0 -1 0 -1 -1 0 -1 -1 0 0 0 -1 -1 -1 0 -1 0 -1 0 0 -1 -1 0 0 -1 0 0 -1 0 0 -1 -1 0 -1 -1 0 -1 -1 0 -1 -1 0 0 0 -1 0 0 0 0 -1 -1 0 0 0 -1 -1 0 -1 -1 -1 -1 0 -1 -1 0 -1 -1 0 0 -1 -1 0 0 0 -1 0 0 0 -1 0 -1 0 0 -1 -1 -1 -1 -1 0 0 0 -1 -1 -1 -1 0 0 0 -1 0 -1 -1 0 -1 -1 0 0 -1 0 -1 0 -1 -1 0 -1 0 0 -1 -1 -1 -1 -1 -1 -1 0 -1 -1 0 -1 -1 -1 -1 0 -1 -1 -1 -1 -1 -1 0 -1 -1 0 -1 0
0 0 0 0 -1 0 0 -1 0 -1 -1 0 -1 0 0 -1 0 0 0 -1 0 0 0 0 -1 -1 0 -1 -1 -1 -1 0 0 -1 0 0 -1 0 -1 -1 0 0 -1 -1 -1 -1 0 -1 0 -1 -1 0 -1 -1 0 0 0 -1 0 0 0 0 -1 0 -1 0 -1 -1 -1 0 -1 -1 0 -1 -1 -1 0 -1 -1 -1 -1 -1 0 0 0 -1 0 -1 0 -1 -1 -1 -1 0 0 0 0 0 -1 0 0 0 -1 0 0 -1 0 -1 -1 -1 -1 -1 0 -1 -1 0 0 -1 0 0 0 -1 -1 0 0 0 0 0 0 -1 0 -1 0 -1 0 -1 0 -1 -1 -1 0 0 -1 0 0 0 -1 0 0 -1
0 0 0 0 0 -1 -1 -1 0 0 0 -1 0 -1 0 -1 -1 0 -1 -1 -1 -1 0 -1 0 -1 -1 0 0 -1 0 -1 -1 0 0 -1 -1 0 -1 -1 -1 -1 -1 -1 -1 0 -1 0 0 -1 0 -1 -1 -1 0 0 0 -1 -1 0 -1 0 -1 -1 0 -1 -1 -1 -1 0 0 -1 -1 0 0 -1 0 -1 -1 0 -1 0 0 0 0 0 -1 -1 -1 0 0 0 0 -1 -1 -1 -1 0 -1 -1 0 0 -1 -1 0 0 -1 -1 -1 -1 -1 -1 -1 0 0 -1 -1 -1 0 -1 -1 0 0 -1 0 0 0 -1 0 0 0 -1 -1 0 -1 0 0 -1 -1 0 -1 0 0 -1 0 0 0 0 -1 -1
0 -1 0 0 0 -1 0 -1 -1 0 -1 0 -1 0 -1 0 -1 0 -1 -1 0 0 -1 -1 -1 0 -1 -1 0 -1 0 0 0 0 0 0 -1 0 -1 0 -1 0 0 -1 0 -1 0 -1 -1 -1 -1 0 -1 0 0 0 0 0 0 0 -1 -1 -1 -1 0 -1 -1 0 -1 0 -1 -1 -1 -1 0 0 -1 -1 0 0 0 -1 -1 0 0 0 -1 0 -1 -1 -1 -1 -1 0 0 -1 0 -1 0 0 -1 0 -1 0 -1 0 0 -1 0 0 -1 -1 0 -1 0 0 -1 0 0 -1 0 0 -1 0 -1 0 0 0 0 0 0 0 0 0 0 0 0 0 -1 -1 -1 0 0 -1 -1 -1 -1 -1 -1 0
0 0 0 0 0 0 -1 -1 0 0 0 0 -1 -1 -1 0 0 0 -1 -1 -1 0 -1 -1 0 -1 0 -1 0 -1 -1 0 -1 0 -1 -1 -1 0 -1 0 0 0 0 0 -1 -1 -1 -1 0 -1 0 -1 0 0 0 -1 -1 -1 -1 -1 -1 0 -1 -1 0 0 0 -1 -1 -1 -1 0 0 0 0 -1 -1 -1 -1 -1 -1 0 -1 -1 0 0 0 -1 -1 -1 -1 -1 -1 0 0 -1 -1 0 0 0 -1 -1 0 0 -1 0 -1 0 -1 -1 0 0 0 0 0 0 -1 0 0 -1 0 -1 -1 -1 -1 -1 0 -1 -1 -1 -1 -1 0 0 -1 -1 -1 -1 -1 -1 -1 0 -1 -1 0 -1 0 0 0 -1
-1 0 0 0 -1 0 -1 -1 -1 -1 -1 0 -1 0 0 0 0 -1 -1 -1 -1 0 -1 0 -1 -1 -1 0 -1 0 0 0 -1 -1 0 -1 -1 -1 0 -1 -1 -1 0 0 -1 0 0 -1 0 -1 -1 0 -1 -1 -1 0 0 0 0 0 -1 0 -1 0 0 -1 -1 -1 0 0 -1 0 -1 -1 -1 -1 -1 0 -1 0 0 0 0 0 -1 0 -1 0 -1 -1 -1 -1 -1 0 -1 -1 0 -1 -1 -1 -1 0 -1 -1 -1 0 -1 0 -1 0 -1 -1 0 0 0 -1 -1 0 0 -1 -1 -1 -1 0 -1 -1 0 0 -1 0 0 -1 0 0 -1 0 0 -1 -1 0 0 -1 -1 0 0 0 0 0 0 -1
-1 0 0 -1 -1 -1 0 0 0 -1 0 0 -1 0 -1 0 0 -1 0 0 0 -1 -1 -1 -1 -1 -1 0 -1 0 -1 0 -1 -1 -1 0 -1 -1 0 0 0 0 -1 0 -1 -1 -1 -1 0 -1 0 -1 -1 -1 0 -1 0 0 -1 0 -1 0 0 -1 -1 -1 -1 -1 0 0 -1 -1 0 -1 0 0 0 -1 0 -1 0 -1 0 -1 -1 0 -1 0 -1 -1 0 -1 -1 0 0 -1 0 0 0 -1 0 -1 -1 0 0 0 -1 0 -1 -1 -1 -1 0 -1 -1 0 0 -1 -1 0 0 0 -1 -1 -1 -1 0 -1 -1 0 0 0 0 0 -1 0 -1 -1 0 -1 0 0 -1 0 -1 0 0 -1 -1 -1
0 -1 0 0 -1 0 0 0 -1 -1 -1 -1 0 0 0 -1 0 0 -1 0 0 0 0 0 -1 0 0 -1 0 -1 -1 -1 0 0 -1 0 -1 -1 0 -1 -1 0 -1 -1 -1 0 0 0 -1 -1 -1 -1 0 -1 0 -1 -1 -1 -1 -1 -1 -1 0 0 0 0 -1 0 0 -1 0 0 0 -1 -1 -1 0 0 0 0 0 -1 -1 0 0 0 0 0 -1 0 -1 -1 -1 0 0 -1 -1 0 0 -1 -1 0 0 0 -1 -1 -1 -1 0 -1 0 0 0 -1 -1 0 -1 -1 0 -1 0 -1 0 -1 -1 0 -1 -1 0 -1 -1 -1 -1 0 -1 -1 -1 0 0 -1 0 -1 -1 -1 0 0 0 0 -1 -1
0 0 0 -1 -1 -1 0 0 0 -1 -1 0 -1 0 -1 0 0 -1 -1 0 0 0 -1 -1 -1 -1 0 0 0 0 0 -1 0 0 -1 -1 0 -1 0 0 -1 -1 -1 0 0 -1 -1 0 0 0 0 0 0 0 -1 -1 -1 0 -1 0 -1 -1 -1 -1 -1 -1 -1 -1 0 -1 -1 -1 -1 -1 0 0 0 -1 0 -1 0 -1 0 -1 0 0 -1 -1 -1 0 -1 -1 0 0 0 -1 0 -1 0 0 0 -1 0 -1 -1 0 -1 -1 0 -1 -1 -1 0 -1 -1 0 0 0 0 -1 0 0 0 -1 0 -1 -1 -1 0 0 -1 -1 0 0 -1 -1 0 -1 -1 0 -1 0 0 -1 -1 -1 -1 -1 0 0
-1 0 0 -1 -1 0 -1 -1 0 0 -1 -1 0 0 0 0 0 0 -1 0 0 -1 -1 -1 -1 0 0 -1 -1 -1 0 0 -1 0 -1 -1 0 -1 -1 0 0 -1 -1 -1 -1 0 0 0 0 0 0 0 -1 -1 -1 -1 0 0 -1 0 0 -1 -1 0 0 -1 0 -1 0 -1 0 0 -1 -1 0 0 0 -1 0 -1 0 0 0 -1 -1 0 0 -1 -1 -1 -1 0 -1 -1 0 0 -1 -1 0 0 -1 -1 0 0 -1 -1 -1 -1 -1 -1 0 -1 -1 -1 0 -1 0 -1 -1 0 0 0 -1 -1 -1 -1 -1 -1 0 -1 0 -1 -1 0 -1 0 0 0 0 -1 0 -1 0 0 0 -1 -1 0 -1 -1
0 -1 -1 0 -1 0 0 0 -1 0 0 0 0 0 0 0 0 -1 -1 0 -1 0 0 -1 -1 0 -1 0 0 -1 -1 0 -1 -1 0 -1 -1 0 0 0 0 -1 0 -1 -1 -1 0 -1 -1 0 0 -1 -1 0 -1 -1 -1 0 -1 -1 -1 -1 -1 0 -1 -1 -1 0 -1 0 -1 0 0 0 0 -1 0 -1 -1 -1 -1 -1 -1 0 -1 -1 -1 -1 0 -1 0 0 0 0 -1 -1 -1 -1 0 0 0 0 -1 -1 0 -1 0 -1 -1 -1 0 0 -1 -1 -1 0 0 -1 0 0 0 0 -1 0 -1 0 0 0 0 0 0 0 -1 -1 -1 0 0 0 0 0 -1 0 0 -1 -1 0 -1 -1 0 -1
-1 -1 0 -1 -1 0 -1 0 -1 -1 0 -1 0 -1 -1 0 0 0 -1 -1 0 0 -1 0 0 -1 0 -1 -1 0 -1 0 -1 0 0 0 0 0 -1 -1 0 -1 -1 -1 -1 -1 -1 -1 0 0 -1 0 -1 -1 -1 0 -1 -1 0 0 -1 0 -1 -1 -1 0 0 -1 -1 0 -1 0 0 -1 -1 0 0 0 0 -1 -1 -1 -1 0 -1 -1 0 0 0 -1 0 -1 0 0 0 -1 -1 -1 0 -1 0 0 -1 0 -1 0 -1 0 0 0 0 0 -1 0 -1 0 0 -1 -1 -1 0 -1 -1 -1 -1 -1 -1 -1 0 0 0 -1 0 -1 -1 0 -1 0 0 0 -1 0 -1 0 0 0 -1 0 0 -1
-1 -1 -1 -1 0 0 0 0 0 0 -1 0 -1 -1 -1 0 -1 0 -1 0 0 0 -1 -1 -1 -1 -1 -1 -1 -1 -1 0 -1 0 0 -1 0 0 -1 -1 0 0 0 -1 0 -1 0 -1 -1 0 -1 -1 0 -1 -1 0 -1 -1 -1 -1 -1 0 0 0 -1 -1 -1 -1 0 0 0 0 0 -1 0 0 0 0 -1 -1 0 0 -1 0 0 -1 0 -1 0 0 -1 0 -1 0 0 0 0 -1 0 -1 0 0 0 0 0 0 -1 0 0 -1 0 -1 0 -1 -1 -1 0 -1 -1 -1 0 -1 -1 0 -1 -1 -1 0 -1 0 0 -1 0 -1 0 0 0 -1 0 -1 0 0 -1 0 0 0 0 0 0 -1
0 -1 0 -1 -1 0 0 -1 0 -1 0 0 0 0 0 0 -1 -1 0 0 -1 0 0 0 0 0 0 0 -1 0 0 0 0 -1 0 -1 0 -1 -1 0 0 0 0 -1 -1 0 -1 0 0 -1 0 -1 0 -1 -1 0 0 -1 0 0 0 0 -1 -1 -1 -1 -1 0 -1 -1 -1 -1 0 0 -1 0 0 -1 0 0 0 -1 0 -1 0 -1 0 0 0 -1 -1 0 -1 -1 -1 0 -1 -1 0 -1 -1 0 0 -1 -1 -1 -1 -1 0 0 0 -1 -1 0 0 0 0 0 -1 0 0 0 -1 -1 0 0 0 -1 -1 -1 0 -1 0 0 -1 0 -1 -1 -1 -1 0 0 -1 0 -1 -1 -1 -1 0 0
-1 -1 0 -1 0 -1 -1 -1 -1 -1 -1 -1 0 -1 -1 -1 0 0 -1 0 0 -1 -1 0 0 -1 -1 -1 -1 0 0 0 0 0 -1 -1 -1 -1 -1 0 0 -1 0 -1 -1 -1 0 0 -1 -1 0 0 -1 0 0 0 -1 -1 0 -1 -1 0 0 -1 -1 -1 0 0 -1 0 0 0 0 -1 0 0 0 -1 -1 0 -1 -1 -1 -1 -1 0 0 -1 0 0 0 -1 -1 -1 0 -1 0 -1 -1 0 -1 0 0 -1 0 -1 0 0 -1 0 -1 0 0 0 0 0 -1 -1 -1 -1 0 0 0 -1 -1 -1 -1 0 0 0 0 0 0 -1 -1 -1 0 -1 -1 0 -1 -1 -1 0 -1 -1 0 0 0 0
-1 -1 -1 -1 -1 0 0 0 -1 0 -1 0 0 0 0 0 -1 0 0 -1 -1 -1 0 0 -1 -1 -1 -1 -1 0 -1 -1 0 0 -1 -1 -1 -1 0 -1 -1 -1 -1 0 0 -1 0 0 0 -1 0 -1 0 -1 0 -1 0 -1 0 -1 -1 0 -1 0 0 0 0 0 0 -1 0 0 0 0 -1 -1 0 -1 -1 0 0 0 0 0 -1 -1 -1 0 -1 -1 0 0 0 0 -1 -1 -1 -1 -1 0 0 -1 0 0 -1 -1 -1 0 0 0 -1 -1 -1 -1 -1 0 0 0 0 0 0 0 0 0 -1 0 -1 -1 0 0 -1 -1 0 -1 0 -1 -1 -1 0 0 0 -1 0 -1 0 -1 0 0 -1 -1
-1 -1 -1 0 0 -1 -1 -1 0 -1 0 -1 0 -1 -1 0 0 -1 -1 -1 0 0 -1 -1 0 0 0 0 0 -1 0 -1 -1 0 0 -1 0 -1 0 0 -1 0 -1 -1 0 0 0 -1 -1 0 -1 0 -1 -1 -1 -1 0 -1 -1 -1 0 -1 -1 0 -1 0 0 -1 -1 0 -1 -1 -1 0 -1 -1 -1 0 -1 -1 -1 0 0 -1 -1 -1 -1 -1 -1 0 0 -1 -1 -1 -1 -1 -1 -1 -1 0 0 -1 0 0 -1 -1 -1 -1 -1 0 0 -1 -1 -1 0 0 0 0 0 0 -1 -1 0 -1 0 0 -1 0 0 -1 0 0 -1 -1 0 0 -1 -1 0 0 -1 -1 0 0 -1 0 0 0 -1 -1
0 0 0 0 -1 -1 -1 -1 0 0 -1 -1 -1 -1 -1 0 0 -1 -1 0 0 0 0 0 -1 -1 0 -1 0 0 0 -1 -1 -1 0 0 0 -1 0 0 0 -1 -1 0 0 0 0 0 -1 0 0 -1 0 -1 -1 0 0 -1 0 0 -1 0 -1 0 -1 -1 0 0 -1 -1 0 -1 -1 0 0 -1 0 -1 -1 0 -1 0 -1 -1 -1 0 0 -1 -1 -1 0 -1 0 -1 0 0 -1 -1 -1 0 0 -1 -1 0 -1 0 0 0 0 0 -1 -1 -1 -1 -1 0 0 0 -1 -1 0 0 0 0 0 0 0 0 -1 -1 -1 -1 0 -1 0 -1 0 -1 -1 -1 0 -1 0 -1 0 0 -1 -1 0 -1
0 0 0 -1 0 -1 -1 0 0 0 -1 -1 -1 -1 0 -1 -1 -1 0 0 0 0 0 -1 -1 0 0 -1 0 -1 -1 -1 -1 0 -1 -1 0 0 -1 0 0 -1 0 0 -1 0 -1 -1 -1 -1 0 -1 -1 0 -1 0 0 0 -1 -1 0 0 0 -1 0 0 -1 0 -1 0 -1 0 -1 0 -1 -1 -1 0 0 -1 0 -1 0 0 0 -1 -1 0 -1 0 -1 0 0 0 -1 -1 0 0 -1 0 0 -1 0 -1 0 -1 0 0 -1 -1 0 -1 0 0 0 -1 -1 0 0 0 0 0 -1 -1 0 -1 -1 -1 -1 0 0 -1 0 -1 -1 -1 0 -1 0 0 0 0 0 -1 -1 -1 0 0 -1 -1
0 0 0 -1 0 -1 -1 -1 -1 -1 0 0 0 0 0 0 -1 -1 -1 0 0 -1 0 -1 -1 0 0 0 -1 -1 0 0 -1 -1 -1 0 0 -1 0 -1 0 0 0 0 0 0 0 0 0 0 0 -1 0 -1 -1 0 -1 -1 -1 -1 0 -1 -1 0 -1 -1 -1 0 -1 -1 0 0 -1 -1 -1 -1 0 0 0 0 -1 0 0 -1 0 -1 0 -1 -1 -1 -1 0 -1 0 0 -1 -1 -1 -1 -1 -1 -1 -1 0 0 0 -1 0 -1 0 -1 -1 0 -1 0 -1 -1 0 0 -1 -1 -1 -1 -1 -1 -1 -1 0 -1 0 0 -1 0 -1 0 0 -1 -1 -1 -1 0 0 0 -1 -1 0 -1 0 -1 -1
0 0 -1 0 0 0 0 0 -1 -1 0 -1 0 -1 0 0 0 -1 0 -1 -1 -1 0 0 0 -1 0 0 -1 0 0 0 0 0 -1 -1 -1 -1 0 -1 0 0 0 0 0 -1 -1 -1 0 0 -1 -1 -1 0 0 0 -1 -1 0 -1 -1 -1 -1 0 -1 0 0 -1 0 -1 0 0 -1 0 0 -1 -1 -1 0 -1 -1 -1 0 0 0 0 0 -1 0 -1 0 -1 0 -1 0 0 0 -1 0 -1 -1 0 0 -1 -1 -1 -1 -1 0 0 0 0 0 -1 0 -1 -1 -1 0 -1 -1 -1 -1 -1 -1 -1 -1 0 -1 0 0 -1 0 -1 0 0 0 -1 0 -1 -1 -1 0 -1 0 0 -1 0 -1 0
-1 -1 -1 -1 -1 0 -1 -1 0 0 -1 -1 0 -1 -1 0 -1 -1 -1 -1 -1 -1 0 -1 0 0 0 -1 -1 -1 -1 0 0 -1 -1 0 0 -1 -1 -1 -1 -1 0 0 -1 -1 0 -1 -1 -1 0 -1 0 -1 -1 0 -1 0 -1 -1 -1 0 -1 0 0 0 -1 -1 0 -1 -1 0 -1 0 0 -1 0 0 0 0 -1 0 -1 0 -1 -1 0 0 0 -1 0 0 0 0 0 -1 -1 -1 0 0 -1 0 0 0 0 -1 0 -1 0 -1 -1 0 0 0 0 0 -1 0 -1 -1 0 -1 0 -1 0 0 -1 -1 0 0 -1 0 -1 0 -1 0 -1 0 -1 -1 -1 -1 0 -1 -1 -1 -1 -1 0 0
-1 0 0 -1 0 -1 0 -1 -1 0 -1 -1 -1 0 0 -1 0 0 -1 0 -1 0 -1 0 -1 -1 0 -1 0 0 -1 0 0 0 -1 -1 0 -1 -1 -1 -1 0 -1 0 0 0 -1 0 0 0 0 0 0 0 -1 -1 -1 0 0 0 -1 -1 0 0 -1 0 -1 0 -1 0 -1 0 -1 0 -1 0 -1 -1 -1 0 0 0 -1 0 -1 0 -1 -1 -1 -1 -1 0 -1 -1 0 0 -1 0 0 0 0 0 0 0 -1 0 -1 -1 0 0 0 0 -1 -1 0 0 0 -1 0 -1 0 0 0 0 -1 0 -1 0 -1 0 0 0 -1 0 0 -1 -1 0 0 -1 0 0 0 0 -1 -1 -1 0 -1 0
-1 -1 -1 0 0 -1 0 -1 0 -1 0 -1 0 -1 0 -1 0 0 0 0 -1 0 0 -1 0 -1 -1 -1 -1 -1 -1 -1 0 -1 0 -1 0 0 -1 0 0 0 0 0 0 -1 -1 0 0 -1 -1 -1 0 0 -1 -1 -1 -1 -1 0 0 0 -1 -1 -1 -1 0 -1 -1 0 -1 -1 -1 -1 -1 0 -1 0 0 -1 -1 -1 0 0 0 -1 0 -1 -1 -1 0 -1 0 -1 -1 0 -1 -1 -1 0 0 -1 0 -1 -1 0 -1 0 -1 0 0 -1 0 -1 0 0 0 -1 0 0 -1 -1 -1 0 0 -1 -1 -1 0 -1 0 -1 0 0 -1 0 -1 0 -1 0 0 -1 -1 -1 -1 0 0 -1 -1 0
0 -1 -1 0 0 0 -1 -1 0 -1 -1 0 0 -1 -1 0 0 -1 0 0 0 -1 0 0 -1 -1 0 0 0 -1 0 -1 0 0 -1 0 0 0 0 0 0 -1 0 0 -1 -1 -1 -1 -1 -1 -1 0 -1 0 0 0 -1 0 -1 -1 -1 -1 -1 0 0 -1 -1 0 0 -1 -1 0 0 -1 0 0 0 -1 0 0 -1 -1 0 0 -1 -1 0 -1 0 0 -1 0 0 -1 -1 0 -1 -1 0 -1 0 0 -1 0 0 -1 -1 0 0 0 -1 -1 -1 -1 -1 -1 -1 0 0 -1 -1 0 -1 0 0 -1 0 -1 0 -1 0 -1 -1 -1 0 -1 0 -1 0 0 -1 0 -1 0 -1 0 0 -1 -1 0
0 0 -1 -1 -1 0 -1 0 -1 -1 0 0 0 0 0 0 -1 0 -1 -1 -1 -1 0 0 0 0 0 -1 -1 -1 -1 0 -1 0 -1 0 -1 -1 -1 -1 0 -1 0 0 0 0 -1 -1 0 -1 0 -1 -1 0 -1 -1 0 0 -1 0 0 0 -1 0 -1 -1 0 -1 -1 0 0 -1 -1 0 0 -1 0 0 -1 -1 -1 0 -1 -1 -1 -1 -1 -1 -1 -1 -1 -1 -1 0 -1 0 0 0 0 -1 0 0 -1 -1 -1 0 0 0 -1 -1 0 -1 -1 -1 0 -1 -1 -1 0 0 0 0 -1 -1 0 0 -1 -1 -1 -1 0 0 -1 0 -1 0 -1 0 0 -1 -1 0 0 0 -1 -1 -1 -1 -1 0
0 0 -1 -1 0 0 0 0 0 0 -1 0 -1 -1 0 -1 -1 -1 0 0 0 0 -1 0 0 -1 0 -1 0 0 0 -1 -1 0 0 0 0 -1 -1 0 0 0 -1 0 0 -1 0 0 0 -1 -1 0 0 0 -1 0 -1 -1 0 -1 0 -1 -1 -1 0 0 -1 -1 -1 0 -1 -1 0 -1 0 -1 0 0 -1 0 0 0 0 0 -1 -1 -1 -1 -1 0 -1 0 0 0 0 -1 0 0 -1 0 -1 -1 -1 -1 0 -1 0 0 0 0 0 0 0 0 0 -1 0 0 0 0 0 -1 -1 0 -1 -1 -1 0 0 -1 -1 -1 -1 -1 0 0 -1 -1 -1 -1 -1 0 0 0 0 0 -1 0 0 -1
0 -1 0 -1 -1 -1 -1 0 -1 0 0 -1 0 0 0 -1 -1 -1 0 -1 0 0 0 0 -1 0 0 0 -1 0 0 0 -1 -1 -1 0 -1 0 -1 -1 -1 -1 -1 0 -1 0 -1 -1 0 -1 -1 0 0 0 0 -1 0 -1 -1 -1 -1 -1 0 -1 -1 -1 -1 0 -1 0 -1 0 -1 0 0 -1 0 0 0 -1 0 0 -1 0 0 -1 -1 -1 -1 0 -1 0 0 -1 0 -1 0 0 0 -1 0 0 0 0 0 0 -1 0 0 -1 -1 0 -1 -1 0 -1 -1 0 0 -1 0 0 -1 -1 -1 -1 -1 0 -1 0 0 0 0 -1 0 0 -1 0 -1 -1 -1 -1 0 -1 -1 0 0 -1 -1 -1
0 0 -1 0 -1 0 -1 0 0 -1 0 -1 -1 -1 0 0 0 0 -1 -1 0 -1 -1 0 -1 -1 0 0 0 0 0 -1 -1 -1 -1 0 -1 0 -1 0 0 -1 0 -1 -1 0 0 -1 -1 0 0 -1 -1 0 -1 -1 0 -1 0 0 0 0 0 0 0 -1 0 0 -1 -1 -1 -1 0 -1 0 -1 0 0 -1 -1 0 0 -1 0 -1 -1 0 0 0 0 0 -1 -1 -1 -1 -1 0 -1 0 -1 -1 -1 -1 0 0 0 0 -1 0 0 -1 -1 -1 0 0 0 0 0 0 -1 0 -1 0 0 -1 0 0 -1 0 -1 0 0 0 -1 -1 0 -1 0 0 0 0 -1 0 -1 0 -1 -1 0 -1 0
-1 0 -1 -1 0 0 -1 -1 0 0 -1 -1 -1 -1 -1 0 -1 0 -1 -1 0 0 -1 -1 0 0 -1 -1 -1 -1 0 0 -1 -1 0 -1 -1 -1 0 0 -1 -1 0 0 -1 -1 0 -1 0 -1 -1 0 0 0 0 0 -1 -1 -1 -1 0 0 -1 -1 0 -1 -1 0 0 -1 -1 -1 0 0 -1 -1 -1 -1 -1 -1 0 0 0 0 -1 -1 0 -1 -1 -1 -1 -1 0 -1 -1 0 -1 0 0 0 -1 -1 0 -1 -1 -1 -1 -1 0 0 -1 -1 -1 -1 -1 -1 0 0 0 -1 0 0 -1 0 0 0 0 0 0 0 -1 -1 0 -1 -1 -1 -1 0 -1 -1 0 0 -1 0 -1 -1 0 -1 -1 0
0 0 -1 0 -1 -1 0 -1 0 0 0 0 0 0 0 -1 0 0 -1 -1 -1 0 0 -1 -1 -1 -1 0 0 -1 -1 -1 0 0 0 0 0 0 -1 0 -1 -1 -1 -1 0 0 -1 -1 0 -1 0 -1 0 0 -1 -1 0 0 0 0 -1 0 0 0 -1 0 -1 -1 -1 0 -1 0 0 0 -1 0 0 0 0 -1 -1 0 0 0 -1 0 -1 -1 -1 0 0 0 0 0 -1 -1 -1 0 -1 0 0 0 0 -1 -1 -1 0 0 0 0 0 -1 -1 0 0 0 0 0 -1 -1 -1 -1 0 0 0 -1 0 0 0 -1 0 0 0 0 0 -1 0 -1 0 0 -1 -1 0 -1 -1 0 0 0 -1 0
0 -1 0 -1 0 0 0 0 -1 -1 0 -1 0 -1 -1 -1 0 -1 0 -1 -1 0 -1 0 0 0 0 0 0 -1 0 -1 0 0 -1 -1 0 -1 0 -1 -1 0 0 0 -1 0 -1 -1 -1 -1 0 -1 -1 0 -1 -1 -1 0 -1 -1 -1 -1 0 0 -1 0 0 -1 -1 -1 0 0 -1 -1 -1 -1 -1 0 0 -1 -1 -1 0 0 0 -1 0 0 0 0 -1 0 0 0 0 -1 -1 0 0 0 -1 0 -1 0 -1 -1 0 0 -1 0 -1 0 -1 0 -1 -1 -1 -1 -1 -1 -1 0 -1 -1 -1 -1 0 -1 -1 -1 -1 0 0 -1 0 -1 0 -1 0 -1 -1 -1 0 0 0 -1 0 0 0 0
-1 0 0 -1 -1 0 -1 -1 -1 -1 -1 -1 -1 0 -1 0 -1 -1 0 -1 -1 -1 -1 0 0 0 0 -1 -1 0 -1 0 -1 -1 0 -1 0 -1 -1 0 0 -1 -1 -1 -1 0 -1 -1 0 -1 0 0 -1 -1 -1 0 -1 -1 0 -1 -1 0 0 -1 0 -1 0 0 0 0 -1 -1 -1 -1 0 0 -1 -1 0 -1 -1 0 -1 -1 0 0 -1 0 0 -1 0 -1 0 0 -1 -1 -1 -1 0 -1 -1 -1 -1 0 -1 -1 0 0 -1 0 -1 0 0 0 0 0 -1 -1 0 -1 -1 -1 -1 0 -1 0 0 0 -1 -1 0 -1 -1 -1 -1 -1 -1 -1 0 0 -1 0 0 0 -1 0 -1 0 -1 -1
-1 0 0 -1 -1 -1 0 0 -1 0 -1 0 -1 0 0 -1 0 0 0 -1 -1 0 -1 -1 0 0 0 -1 -1 -1 0 -1 0 0 -1 0 0 0 -1 0 0 0 0 0 -1 0 0 0 -1 -1 0 -1 0 -1 0 0 -1 -1 0 -1 0 -1 0 0 -1 -1 -1 -1 -1 0 -1 -1 0 -1 0 -1 0 -1 0 0 0 0 -1 0 0 -1 -1 0 0 0 0 0 0 0 -1 -1 -1 -1 -1 -1 0 -1 0 -1 -1 -1 -1 0 -1 0 0 0 -1 -1 0 0 0 0 -1 0 -1 -1 0 -1 0 0 0 0 -1 0 0 0 0 -1 -1 0 0 -1 0 -1 -1 0 0 0 -1 0 0 0 -1 0
0 0 -1 0 -1 0 0 -1 0 0 -1 -1 0 0 0 0 0 -1 0 0 -1 -1 0 0 0 -1 -1 -1 0 0 -1 -1 0 0 0 0 0 -1 -1 0 -1 0 -1 -1 0 0 0 0 -1 0 0 -1 0 -1 0 0 0 -1 0 0 -1 -1 -1 -1 0 -1 -1 0 0 0 -1 0 -1 -1 0 -1 -1 0 -1 0 0 -1 0 -1 0 0 0 -1 0 -1 -1 -1 0 0 -1 -1 -1 -1 0 -1 0 -1 0 -1 0 -1 0 0 -1 -1 -1 0 0 0 -1 0 -1 0 -1 -1 -1 -1 -1 0 -1 -1 0 -1 0 0 0 -1 -1 -1 -1 -1 -1 0 -1 -1 -1 0 0 0 -1 -1 0 0 0 0
-1 -1 0 0 0 0 0 -1 0 0 0 -1 0 -1 0 0 0 0 0 0 -1 -1 -1 -1 0 0 0 -1 0 -1 -1 0 0 0 0 0 -1 -1 0 -1 -1 0 -1 0 -1 -1 0 -1 0 -1 -1 0 0 0 0 -1 0 -1 0 0 0 0 -1 0 0 -1 -1 -1 0 -1 -1 0 0 -1 0 0 -1 0 0 0 -1 0 -1 -1 -1 0 -1 -1 0 -1 0 0 -1 0 0 -1 0 -1 0 0 0 0 0 0 0 0 -1 0 0 0 0 0 0 -1 -1 0 -1 0 -1 0 -1 0 0 -1 0 0 0 0 0 0 0 0 -1 0 -1 0 0 -1 -1 0 0 0 -1 0 0 -1 0 -1 0 -1
0 -1 0 -1 -1 -1 -1 -1 0 -1 0 -1 -1 -1 -1 -1 0 0 -1 0 0 0 -1 -1 0 0 0 0 0 -1 0 0 -1 0 0 -1 -1 -1 -1 0 0 -1 0 -1 -1 0 0 -1 -1 -1 0 0 0 -1 -1 0 -1 0 -1 -1 -1 0 -1 -1 0 -1 0 -1 -1 -1 0 0 -1 -1 -1 -1 -1 -1 -1 -1 -1 -1 0 -1 0 -1 -1 0 -1 0 -1 0 0 -1 -1 -1 -1 -1 0 0 -1 0 -1 0 0 -1 0 -1 0 -1 0 -1 0 0 0 -1 -1 0 0 -1 -1 0 0 -1 0 0 0 -1 0 -1 -1 0 0 -1 -1 -1 0 -1 0 0 0 0 -1 -1 0 0 -1 0 0 -1
0 0 0 0 -1 0 -1 -1 0 -1 0 -1 -1 -1 0 -1 -1 -1 -1 -1 -1 -1 -1 -1 -1 0 0 -1 0 -1 0 -1 -1 -1 -1 -1 -1 0 -1 -1 0 -1 -1 -1 0 -1 0 -1 0 0 0 0 -1 -1 0 0 -1 0 0 0 -1 -1 -1 -1 0 0 -1 -1 0 0 0 -1 0 0 -1 0 -1 0 -1 0 -1 -1 -1 0 -1 0 -1 -1 0 -1 -1 0 -1 -1 0 0 -1 -1 0 -1 0 0 0 -1 0 -1 -1 0 0 0 -1 -1 -1 -1 -1 -1 -1 0 0 0 0 -1 0 -1 0 -1 0 -1 -1 0 0 -1 0 -1 -1 0 0 -1 0 -1 0 0 0 0 0 0 0 0 -1 0
-1 0 0 -1 -1 -1 -1 -1 0 0 -1 0 -1 -1 -1 0 0 0 -1 -1 -1 0 0 -1 0 -1 0 -1 0 -1 0 -1 0 -1 -1 -1 0 0 -1 0 0 -1 0 -1 0 0 -1 -1 -1 -1 -1 -1 -1 0 0 0 0 0 -1 0 0 -1 -1 -1 0 -1 -1 0 -1 -1 0 0 0 -1 0 -1 0 -1 -1 -1 0 0 0 -1 0 -1 -1 0 -1 0 0 -1 0 -1 -1 0 0 -1 0 0 -1 0 0 -1 -1 -1 0 -1 0 0 -1 0 0 -1 -1 -1 0 -1 0 -1 -1 -1 -1 -1 -1 0 0 -1 0 -1 -1 0 -1 0 0 -1 0 0 -1 0 -1 0 -1 0 0 0 0 -1 -1 -1
0 -1 0 -1 -1 -1 -1 -1 0 -1 0 0 -1 -1 -1 0 -1 0 0 -1 0 0 -1 0 0 -1 0 0 -1 -1 -1 0 -1 0 0 -1 -1 0 0 0 0 0 -1 0 0 0 0 -1 -1 0 0 -1 -1 -1 -1 0 -1 -1 -1 -1 -1 0 -1 0 0 0 0 -1 -1 0 -1 -1 -1 0 0 -1 -1 -1 0 -1 0 -1 -1 0 -1 -1 0 0 0 -1 -1 0 0 -1 -1 0 -1 -1 0 -1 -1 -1 -1 -1 -1 0 -1 -1 -1 0 0 0 -1 0 -1 -1 0 -1 0 -1 -1 0 -1 -1 0 0 0 -1 -1 0 -1 0 0 0 0 0 0 0 -1 -1 0 0 0 -1 0 0 0 0 -1 0
-1 -1 0 -1 -1 0 0 0 -1 0 -1 0 -1 0 0 -1 0 0 0 -1 0 -1 0 0 -1 -1 -1 -1 0 0 0 -1 -1 -1 0 -1 0 -1 0 -1 0 0 0 0 0 0 -1 -1 -1 0 0 0 -1 -1 -1 0 -1 -1 -1 -1 0 -1 -1 0 0 0 0 -1 0 0 -1 0 -1 -1 0 0 0 -1 -1 -1 0 -1 -1 -1 0 -1 0 0 -1 -1 0 -1 -1 -1 -1 0 0 -1 0 0 0 0 0 -1 -1 0 -1 -1 0 -1 -1 -1 -1 -1 0 0 -1 -1 0 0 -1 0 0 0 -1 0 0 0 -1 -1 -1 0 0 -1 -1 -1 -1 -1 -1 -1 0 0 0 -1 0 -1 -1 -1 -1 0
0 -1 0 -1 -1 -1 -1 0 -1 0 -1 0 -1 -1 0 0 0 -1 -1 0 -1 0 0 -1 0 0 -1 -1 -1 -1 0 0 -1 -1 0 -1 -1 0 -1 -1 -1 -1 -1 0 0 0 0 0 0 0 -1 -1 -1 -1 0 0 -1 -1 -1 0 -1 0 -1 0 -1 -1 0 -1 0 -1 0 0 0 -1 -1 -1 0 0 -1 0 0 0 0 0 0 -1 -1 0 -1 -1 -1 0 0 0 -1 -1 0 0 -1 0 0 0 -1 0 0 -1 -1 -1 0 -1 0 -1 0 0 -1 -1 -1 0 0 -1 -1 -1 0 0 0 0 -1 -1 0 0 -1 0 -1 0 0 0 -1 0 0 0 0 -1 0 -1 0 -1 0 0 -1 -1
-1 -1 0 -1 0 0 -1 -1 -1 0 0 -1 0 0 0 -1 -1 0 -1 -1 0 0 0 0 -1 -1 0 -1 -1 0 0 0 -1 -1 0 0 0 0 -1 -1 0 0 -1 -1 -1 -1 0 0 0 -1 -1 -1 -1 0 -1 -1 0 0 -1 0 0 0 -1 0 -1 0 -1 -1 0 0 0 0 0 -1 -1 -1 0 0 -1 0 0 0 -1 -1 0 0 -1 -1 0 -1 0 0 -1 -1 0 -1 0 0 0 0 -1 -1 -1 -1 0 0 0 0 0 -1 0 0 0 0 -1 -1 0 0 0 0 0 -1 -1 -1 -1 -1 0 0 -1 -1 0 0 0 -1 0 -1 -1 -1 -1 0 0 -1 -1 0 0 0 -1 0 -1 0
0 0 0 0 -1 -1 0 -1 -1 0 0 0 0 0 0 0 0 -1 0 0 0 -1 -1 0 -1 0 -1 0 0 -1 -1 -1 0 0 0 0 -1 0 0 -1 -1 0 0 0 -1 -1 -1 0 -1 0 0 0 -1 -1 -1 -1 0 0 -1 0 -1 -1 -1 -1 -1 -1 -1 0 0 0 0 -1 0 -1 -1 -1 0 -1 -1 -1 -1 0 0 0 -1 0 0 -1 -1 0 -1 0 -1 0 0 -1 -1 -1 -1 0 0 0 0 -1 -1 0 -1 0 -1 -1 0 -1 -1 -1 0 -1 0 0 -1 0 0 0 0 -1 -1 -1 -1 -1 0 0 0 0 0 -1 0 0 -1 -1 0 -1 0 0 0 0 0 0 0 -1 -1 -1
-1 -1 0 -1 0 -1 -1 -1 0 0 0 -1 -1 0 0 0 -1 -1 -1 0 -1 -1 -1 -1 -1 -1 -1 0 0 -1 0 0 -1 0 -1 0 -1 0 -1 0 -1 0 -1 0 -1 0 -1 0 -1 0 -1 -1 0 0 0 0 0 0 -1 0 -1 0 0 0 0 0 0 0 -1 -1 -1 -1 -1 0 -1 -1 -1 0 0 0 -1 -1 -1 -1 0 -1 -1 -1 0 0 0 -1 -1 0 -1 -1 -1 -1 -1 -1 -1 -1 -1 -1 -1 -1 -1 0 0 0 -1 0 0 -1 0 0 -1 -1 0 -1 0 -1 -1 -1 0 0 -1 0 -1 -1 0 -1 0 0 -1 0 -1 -1 -1 0 0 -1 -1 0 -1 -1 -1 -1 -1 0
-1 0 0 -1 0 -1 -1 0 -1 -1 -1 0 -1 -1 -1 -1 0 0 -1 -1 -1 0 0 0 -1 0 -1 0 -1 -1 0 0 -1 -1 0 0 -1 0 -1 0 0 0 -1 0 0 -1 -1 0 -1 0 0 -1 -1 -1 0 -1 -1 0 -1 0 0 0 -1 0 0 0 0 0 0 -1 0 0 0 -1 -1 0 0 0 0 0 0 -1 -1 -1 -1 0 0 0 0 0 -1 0 -1 -1 -1 0 -1 0 0 -1 -1 -1 -1 -1 0 0 0 0 0 -1 0 0 -1 -1 -1 0 -1 0 0 -1 0 -1 -1 -1 -1 0 -1 0 0 0 0 0 -1 0 0 -1 -1 0 -1 0 0 -1 0 0 -1 0 0 -1 0 -1
0 -1 -1 0 0 0 0 0 -1 -1 -1 0 0 -1 -1 0 0 -1 0 0 -1 -1 0 -1 0 -1 0 -1 0 -1 -1 -1 0 0 0 -1 0 0 0 -1 -1 0 0 -1 0 -1 -1 0 -1 0 -1 -1 0 0 -1 -1 -1 -1 -1 -1 -1 0 0 0 0 -1 -1 0 0 -1 0 0 -1 -1 0 0 -1 -1 0 -1 0 0 0 -1 0 0 0 0 -1 0 -1 -1 0 -1 0 0 -1 -1 -1 0 0 -1 -1 0 -1 0 -1 -1 -1 0 0 -1 0 -1 -1 0 0 0 -1 -1 -1 -1 0 -1 -1 -1 -1 0 -1 -1 -1 -1 -1 0 0 -1 -1 -1 0 -1 -1 0 0 0 -1 0 -1 -1 -1 0
0 -1 -1 0 0 -1 0 0 -1 -1 -1 0 -1 0 -1 -1 0 -1 -1 0 0 0 0 0 -1 -1 -1 0 -1 -1 -1 0 -1 0 -1 -1 0 0 -1 0 -1 0 0 0 -1 0 -1 -1 -1 0 0 -1 0 -1 -1 -1 0 0 0 -1 -1 0 0 0 -1 -1 -1 0 -1 -1 0 -1 -1 -1 -1 -1 0 -1 0 -1 -1 0 -1 -1 0 -1 -1 0 -1 0 -1 -1 -1 0 0 0 0 0 0 -1 0 0 0 -1 -1 0 -1 0 -1 0 -1 -1 0 0 -1 -1 0 0 0 0 0 -1 0 -1 -1 -1 0 -1 -1 -1 -1 -1 -1 -1 -1 -1 -1 0 -1 0 -1 -1 -1 0 -1 0 -1 0 -1 0
0 0 0 -1 0 0 -1 0 0 0 -1 -1 0 -1 0 -1 -1 0 0 0 0 -1 -1 -1 -1 -1 -1 -1 -1 0 0 -1 -1 0 -1 0 0 0 -1 0 0 -1 0 0 0 -1 0 0 0 -1 0 -1 0 0 -1 -1 0 0 -1 -1 -1 0 0 0 -1 0 0 0 0 0 0 -1 -1 0 0 0 -1 -1 0 -1 -1 0 -1 -1 -1 -1 -1 0 -1 -1 0 0 0 0 -1 -1 0 -1 -1 -1 -1 0 0 0 0 0 0 0 -1 0 0 0 0 -1 -1 0 -1 -1 -1 0 0 -1 0 0 0 0 -1 0 0 0 0 -1 -1 0 0 0 0 0 -1 0 -1 -1 0 -1 0 -1 0 -1 0 0
0 -1 0 0 0 0 0 -1 0 0 0 0 0 0 -1 -1 -1 -1 -1 -1 0 0 -1 -1 -1 0 -1 -1 -1 0 -1 0 -1 0 0 -1 -1 -1 0 0 -1 -1 -1 -1 0 -1 -1 -1 -1 0 -1 -1 -1 0 -1 0 -1 -1 0 0 0 -1 -1 -1 -1 -1 -1 -1 -1 0 -1 -1 -1 -1 -1 -1 -1 0 0 0 0 0 -1 0 -1 -1 -1 0 0 -1 0 0 0 -1 0 0 0 0 0 -1 -1 0 0 0 0 0 -1 0 0 0 0 -1 0 0 -1 0 -1 0 0 -1 0 -1 0 -1 -1 0 -1 -1 -1 0 0 -1 -1 0 0 0 0 0 -1 -1 0 -1 0 -1 -1 0 -1 -1 -1 0
0 -1 -1 0 -1 0 0 0 -1 -1 0 -1 0 0 -1 0 0 -1 -1 0 0 0 0 -1 -1 -1 -1 -1 -1 0 0 -1 0 -1 0 -1 0 -1 -1 -1 -1 0 0 -1 0 0 -1 0 0 0 0 0 -1 -1 0 0 0 0 -1 -1 0 0 -1 0 0 0 0 0 0 -1 -1 0 -1 0 -1 0 0 0 0 -1 0 0 0 0 0 -1 -1 0 0 -1 0 -1 0 -1 -1 -1 0 -1 -1 -1 0 0 -1 0 0 0 0 0 -1 0 -1 0 -1 0 -1 0 0 0 0 -1 0 0 -1 -1 -1 0 -1 0 0 0 0 -1 0 -1 -1 0 -1 -1 0 0 -1 0 -1 0 -1 0 -1 0 0 -1
-1 0 0 -1 -1 0 0 0 -1 0 0 0 -1 -1 0 0 -1 0 -1 -1 0 0 0 0 0 -1 -1 0 0 0 -1 0 -1 -1 -1 0 -1 -1 0 -1 -1 -1 0 0 0 -1 0 -1 -1 0 -1 0 -1 0 -1 -1 -1 0 0 0 0 0 0 -1 -1 0 -1 0 -1 0 -1 0 -1 0 -1 -1 0 0 0 -1 -1 0 -1 0 0 -1 -1 0 0 0 -1 0 0 -1 -1 -1 0 -1 0 0 -1 -1 -1 -1 0 0 0 0 -1 -1 0 -1 0 -1 0 -1 0 0 -1 0 -1 -1 -1 -1 0 -1 -1 -1 0 -1 -1 0 -1 -1 0 0 -1 -1 0 0 0 0 0 -1 -1 0 0 -1 0 -1
-1 -1 -1 -1 -1 -1 0 -1 -1 -1 0 -1 0 -1 -1 0 -1 -1 -1 0 0 -1 -1 -1 0 0 -1 0 0 0 -1 -1 -1 0 0 0 -1 0 0 0 0 -1 0 -1 -1 0 0 -1 0 0 0 -1 0 -1 -1 0 0 -1 0 -1 -1 0 0 -1 0 -1 -1 -1 -1 -1 0 -1 0 0 -1 -1 -1 -1 0 -1 -1 -1 -1 -1 0 -1 -1 -1 0 -1 0 0 0 -1 0 -1 0 -1 -1 -1 -1 0 -1 -1 -1 -1 -1 0 -1 0 -1 -1 -1 0 -1 0 -1 -1 -1 -1 0 -1 -1 0 -1 0 0 0 0 0 0 -1 0 0 0 -1 -1 0 0 0 0 0 -1 0 0 0 -1 -1 -1 0
-1 0 -1 0 -1 0 0 -1 0 -1 -1 -1 -1 0 -1 -1 0 0 0 -1 -1 0 0 0 -1 -1 -1 -1 0 0 -1 -1 -1 -1 0 0 -1 -1 0 -1 -1 -1 -1 -1 0 -1 0 -1 0 0 -1 -1 0 0 -1 -1 0 -1 -1 0 -1 -1 -1 -1 -1 -1 -1 0 0 -1 -1 -1 0 -1 0 -1 0 0 0 -1 0 -1 -1 -1 -1 0 -1 0 0 0 -1 -1 -1 0 0 -1 0 0 -1 0 -1 -1 -1 -1 -1 0 -1 -1 0 -1 0 -1 -1 -1 -1 -1 -1 0 -1 0 0 0 0 0 0 -1 0 0 0 0 -1 0 0 0 -1 0 -1 0 -1 -1 0 -1 -1 -1 -1 0 -1 0 -1 0
0 -1 0 0 -1 -1 0 -1 -1 0 0 -1 0 0 0 -1 -1 0 0 0 0 -1 0 -1 0 0 0 0 -1 0 0 0 -1 0 0 0 0 -1 0 -1 0 -1 -1 0 -1 0 0 0 0 0 0 -1 -1 0 0 0 0 -1 -1 -1 -1 -1 -1 0 -1 0 -1 -1 -1 0 -1 0 0 0 -1 -1 -1 0 0 0 0 -1 -1 0 -1 -1 -1 0 0 0 0 0 0 0 -1 -1 0 -1 -1 -1 -1 -1 -1 -1 -1 0 -1 0 0 -1 0 0 0 -1 -1 -1 0 0 0 0 0 -1 -1 0 -1 -1 0 -1 -1 0 -1 -1 0 -1 0 -1 -1 0 0 -1 -1 0 0 -1 -1 -1 -1 0 -1 -1
-1 0 -1 0 -1 0 0 0 -1 -1 -1 0 0 0 0 0 -1 0 -1 -1 -1 0 0 -1 0 0 -1 -1 -1 0 0 0 -1 0 0 -1 -1 0 0 -1 0 0 -1 -1 -1 -1 -1 -1 -1 0 0 0 -1 0 0 -1 -1 -1 0 0 0 -1 -1 -1 0 0 -1 0 -1 -1 0 -1 0 -1 0 -1 -1 0 0 0 -1 0 0 -1 0 0 -1 -1 -1 0 0 -1 0 0 -1 0 -1 -1 -1 0 0 -1 0 0 0 0 0 0 0 0 0 0 -1 0 -1 -1 0 0 -1 -1 -1 0 -1 0 -1 0 -1 -1 -1 -1 0 0 0 -1 0 -1 -1 0 0 -1 0 -1 0 -1 -1 0 -1 0 -1 -1
0 -1 -1 -1 0 0 -1 -1 -1 0 -1 0 -1 -1 -1 0 0 -1 -1 -1 -1 -1 0 -1 -1 0 0 -1 0 -1 -1 0 -1 0 -1 -1 -1 -1 0 0 -1 0 -1 0 -1 0 0 -1 0 -1 0 -1 0 0 0 -1 -1 0 0 0 0 0 -1 0 -1 0 -1 -1 -1 -1 0 0 -1 0 0 0 0 -1 0 0 0 -1 -1 -1 -1 0 0 -1 0 0 0 0 -1 -1 0 0 -1 0 0 0 -1 -1 -1 0 0 0 -1 -1 -1 -1 0 -1 -1 -1 0 -1 0 0 -1 0 -1 0 0 0 -1 -1 0 0 -1 -1 -1 0 -1 -1 -1 -1 -1 -1 -1 0 -1 0 -1 0 0 -1 0 -1 -1 0
0 0 0 -1 0 0 0 -1 -1 0 0 -1 -1 -1 0 -1 -1 -1 -1 -1 0 -1 -1 -1 -1 -1 0 0 -1 0 0 0 -1 -1 -1 -1 0 0 -1 -1 0 -1 -1 -1 -1 -1 -1 0 -1 0 0 -1 0 0 -1 0 0 0 0 -1 -1 0 0 0 0 0 0 -1 -1 0 -1 -1 0 0 0 0 -1 0 0 -1 -1 0 -1 0 -1 0 -1 0 0 0 0 -1 -1 -1 -1 -1 0 0 -1 -1 0 0 -1 0 -1 0 -1 0 -1 0 0 -1 -1 -1 -1 0 -1 0 -1 0 0 -1 -1 -1 0 -1 0 -1 0 0 0 0 0 0 0 0 0 -1 0 -1 -1 0 0 0 -1 -1 -1 -1 0 0
0 0 -1 0 -1 -1 0 -1 0 -1 -1 0 0 0 0 0 0 -1 0 -1 -1 0 -1 0 0 0 -1 0 0 0 0 -1 -1 0 0 0 -1 -1 -1 -1 -1 0 -1 -1 0 0 -1 0 -1 0 -1 0 0 0 0 -1 -1 -1 0 -1 0 0 0 0 0 -1 -1 0 0 0 0 -1 0 -1 -1 -1 0 0 -1 0 0 0 -1 0 0 -1 0 -1 -1 0 0 0 0 0 0 0 -1 0 0 0 -1 0 -1 0 0 -1 0 -1 -1 0 0 -1 0 -1 0 -1 -1 -1 0 -1 0 -1 0 0 0 -1 -1 -1 0 0 0 -1 -1 -1 -1 0 -1 0 -1 0 -1 0 -1 -1 -1 0 -1 0 0 -1
-1 -1 0 -1 -1 -1 0 -1 -1 0 0 0 0 0 0 -1 -1 0 -1 -1 -1 -1 0 -1 -1 -1 0 0 0 0 -1 0 -1 -1 -1 -1 -1 0 0 0 0 -1 0 -1 -1 0 -1 0 0 0 -1 0 0 -1 0 0 -1 -1 0 0 0 0 -1 -1 0 -1 -1 0 -1 0 0 0 0 -1 0 -1 0 -1 -1 -1 0 0 -1 -1 0 -1 0 -1 -1 0 -1 0 0 0 0 0 0 -1 -1 0 0 -1 -1 0 -1 -1 0 0 0 -1 -1 -1 0 -1 -1 0 -1 -1 -1 0 -1 0 0 0 -1 0 -1 -1 0 0 -1 -1 0 0 -1 0 -1 0 -1 0 0 0 0 0 -1 -1 0 0 -1 -1
-1 0 -1 -1 0 0 -1 -1 -1 -1 -1 -1 -1 -1 0 -1 0 -1 -1 0 0 0 0 -1 -1 -1 -1 -1 0 0 -1 0 0 -1 0 0 0 -1 -1 -1 0 0 -1 0 0 -1 -1 -1 0 -1 0 0 -1 -1 0 -1 -1 -1 -1 0 -1 0 -1 -1 0 -1 -1 -1 -1 -1 0 0 -1 0 0 0 0 -1 -1 -1 0 0 0 -1 -1 -1 -1 0 -1 0 -1 -1 0 -1 -1 0 0 0 0 -1 0 -1 0 -1 0 -1 -1 0 0 -1 -1 0 -1 0 -1 -1 -1 -1 0 -1 -1 -1 -1 0 -1 -1 0 0 0 -1 0 -1 0 0 -1 -1 0 -1 0 -1 -1 0 -1 0 0 -1 -1 -1 -1 0
-1 0 0 -1 -1 0 -1 0 0 0 0 -1 -1 0 -1 0 -1 -1 -1 -1 0 -1 -1 0 0 0 0 0 -1 0 0 0 0 0 -1 -1 -1 0 -1 -1 -1 -1 -1 0 0 -1 -1 -1 0 -1 0 0 0 0 0 0 -1 -1 0 -1 0 -1 0 -1 -1 -1 0 0 0 -1 -1 -1 -1 0 -1 0 0 0 -1 0 -1 -1 -1 -1 -1 -1 0 0 -1 0 -1 -1 -1 0 0 -1 -1 -1 0 -1 0 -1 -1 -1 -1 0 -1 -1 -1 -1 0 0 -1 -1 -1 0 -1 -1 0 0 0 0 -1 0 -1 0 -1 0 0 -1 -1 0 0 0 0 -1 0 -1 0 -1 0 0 0 0 0 -1 -1 -1 0 0
-1 -1 -1 -1 -1 0 0 0 0 0 0 -1 -1 0 0 -1 -1 -1 0 0 0 -1 0 0 -1 0 0 0 -1 0 -1 -1 0 0 -1 0 0 0 0 -1 0 0 0 -1 -1 -1 0 -1 -1 0 0 -1 0 0 -1 -1 0 0 -1 -1 -1 -1 -1 -1 -1 -1 0 -1 0 0 -1 -1 0 0 0 -1 0 -1 0 -1 -1 -1 0 0 -1 -1 -1 -1 0 -1 -1 0 0 -1 0 0 -1 0 -1 -1 0 0 -1 -1 0 0 0 0 0 0 0 -1 0 0 0 -1 -1 0 -1 -1 -1 -1 0 0 0 0 -1 0 -1 0 0 -1 0 -1 0 -1 -1 0 0 -1 0 -1 -1 0 0 0 -1 -1 0 -1
0 0 0 0 0 0 0 0 0 -1 0 0 -1 0 0 -1 0 0 -1 0 -1 -1 0 0 -1 0 -1 0 0 0 0 -1 0 0 0 -1 -1 0 -1 0 -1 -1 -1 0 -1 0 0 -1 -1 -1 -1 -1 0 -1 0 -1 -1 -1 -1 -1 0 -1 0 0 0 -1 -1 0 -1 0 0 -1 -1 0 0 0 -1 0 0 -1 0 -1 -1 0 -1 -1 -1 0 -1 0 -1 0 0 0 -1 0 0 -1 -1 0 0 -1 0 0 0 0 -1 0 -1 0 0 -1 0 -1 -1 0 0 0 -1 -1 -1 -1 0 -1 0 -1 -1 0 -1 -1 0 -1 -1 0 -1 0 -1 0 -1 -1 0 0 -1 -1 0 0 -1 -1 0 -1
-1 0 -1 -1 0 0 0 -1 -1 -1 -1 -1 0 0 0 -1 -1 0 -1 0 -1 0 -1 0 0 0 0 -1 -1 -1 0 0 0 0 -1 0 -1 0 -1 -1 -1 -1 -1 0 -1 0 0 -1 -1 0 0 -1 -1 0 -1 -1 -1 -1 -1 0 -1 -1 -1 0 0 0 -1 -1 0 -1 0 0 -1 0 0 -1 0 -1 -1 0 -1 0 -1 0 0 0 -1 0 -1 -1 0 -1 -1 0 0 -1 -1 0 0 -1 -1 0 -1 0 -1 -1 0 -1 0 0 -1 -1 0 -1 -1 0 -1 -1 -1 -1 -1 0 0 0 -1 -1 0 -1 -1 -1 -1 -1 0 0 0 0 0 -1 0 0 0 -1 0 -1 -1 0 -1 -1 -1 0
0 0 0 0 -1 -1 0 -1 0 0 -1 -1 0 -1 0 -1 0 -1 0 0 0 0 0 0 0 0 -1 0 0 -1 -1 0 -1 0 0 0 0 0 0 -1 -1 0 -1 0 0 0 0 -1 -1 -1 -1 -1 -1 -1 -1 -1 -1 -1 0 0 -1 0 -1 -1 -1 0 -1 -1 -1 -1 0 0 -1 0 -1 -1 -1 0 -1 0 0 -1 -1 -1 -1 0 0 -1 0 0 -1 -1 0 0 -1 -1 0 0 -1 -1 -1 0 -1 -1 -1 -1 -1 0 0 0 0 0 0 -1 0 -1 0 -1 -1 -1 0 -1 0 0 0 -1 0 0 -1 -1 0 0 0 -1 -1 -1 -1 -1 0 0 -1 -1 -1 0 -1 -1 0 -1 0 0
0 -1 -1 0 -1 -1 -1 0 0 -1 -1 -1 -1 -1 0 -1 0 0 0 0 0 -1 -1 0 -1 -1 0 0 0 0 0 0 -1 0 0 -1 0 0 0 0 -1 0 0 0 0 -1 0 0 0 0 0 0 0 -1 0 0 -1 0 0 0 -1 0 -1 0 -1 0 -1 0 -1 0 -1 -1 -1 0 -1 0 0 0 -1 -1 -1 -1 0 -1 -1 0 0 -1 0 -1 0 -1 0 -1 0 0 -1 0 0 -1 -1 -1 -1 0 0 0 0 0 0 0 -1 0 -1 0 0 0 -1 0 0 -1 0 0 0 -1 0 0 0 0 0 -1 -1 0 0 -1 -1 -1 0 0 -1 -1 0 -1 -1 0 0 0 0 0 0 -1
0 0 0 -1 -1 -1 0 -1 0 -1 0 0 -1 0 0 -1 0 0 0 0 0 -1 0 -1 -1 0 -1 0 -1 -1 0 -1 -1 -1 -1 0 0 0 0 0 0 0 0 -1 -1 0 -1 -1 0 0 -1 -1 0 0 0 -1 0 0 -1 0 -1 0 -1 0 0 0 -1 0 -1 0 -1 0 -1 -1 0 0 -1 -1 -1 -1 0 0 -1 0 -1 0 -1 0 0 -1 -1 -1 0 -1 -1 0 0 -1 0 -1 0 0 0 0 -1 -1 -1 -1 -1 -1 0 -1 0 -1 0 0 -1 0 -1 -1 0 0 -1 0 0 0 -1 -1 0 0 -1 -1 -1 -1 -1 -1 0 0 -1 0 -1 -1 -1 -1 0 0 0 -1 -1 -1
-1 0 0 -1 0 0 -1 -1 -1 -1 0 0 0 0 0 0 0 -1 0 -1 0 0 -1 -1 0 0 0 -1 0 -1 -1 0 -1 -1 0 -1 0 0 0 0 0 -1 -1 0 0 -1 -1 0 -1 0 0 -1 -1 -1 -1 -1 -1 0 0 0 0 0 0 -1 -1 0 -1 0 0 -1 -1 -1 0 -1 -1 0 0 -1 0 -1 0 -1 -1 -1 -1 0 0 -1 0 0 -1 -1 0 0 0 -1 -1 0 -1 -1 -1 -1 -1 -1 0 0 -1 0 0 -1 -1 0 0 -1 0 0 0 -1 -1 -1 -1 0 -1 -1 0 0 -1 -1 -1 -1 0 -1 -1 0 0 0 -1 -1 -1 -1 -1 0 0 -1 0 0 0 0 -1 -1
0 0 0 -1 0 -1 -1 -1 0 0 0 0 0 0 -1 0 0 0 -1 0 0 0 -1 0 -1 0 -1 -1 0 0 0 0 -1 -1 0 -1 -1 0 -1 0 -1 0 0 0 0 0 0 -1 0 -1 -1 0 0 -1 -1 -1 0 -1 0 0 -1 -1 0 -1 0 -1 -1 -1 0 0 0 0 -1 -1 0 0 0 -1 -1 -1 0 -1 -1 0 -1 -1 -1 0 0 -1 0 -1 -1 -1 0 -1 -1 0 -1 -1 -1 0 -1 -1 -1 -1 -1 -1 -1 -1 -1 0 -1 0 0 0 -1 -1 -1 0 0 -1 0 -1 0 0 0 0 -1 0 0 0 -1 -1 0 -1 -1 0 -1 -1 -1 -1 -1 0 -1 0 0 0 0 0
0 -1 -1 0 0 0 0 0 0 0 0 0 -1 0 -1 0 0 -1 0 -1 0 -1 0 0 -1 -1 0 -1 0 0 0 0 0 -1 -1 -1 0 0 -1 -1 -1 -1 -1 0 -1 0 -1 -1 0 0 0 0 -1 -1 -1 -1 0 0 -1 -1 0 -1 -1 -1 0 -1 0 0 -1 -1 0 -1 0 0 -1 0 0 -1 0 -1 0 -1 0 -1 -1 0 -1 0 0 0 0 -1 0 -1 0 -1 -1 -1 0 0 0 0 -1 0 0 -1 -1 -1 -1 -1 -1 -1 -1 -1 -1 0 -1 0 0 0 -1 -1 0 0 -1 -1 -1 -1 -1 -1 0 0 -1 0 -1 0 -1 -1 0 0 -1 0 -1 0 -1 -1 -1 0 -1 -1
-1 0 -1 -1 -1 0 0 0 0 -1 0 -1 -1 0 0 0 0 0 0 -1 0 0 -1 -1 0 -1 -1 -1 -1 0 0 -1 0 -1 -1 -1 0 0 -1 0 0 -1 0 0 0 0 0 0 -1 0 0 -1 0 0 -1 -1 0 -1 0 -1 0 0 0 0 -1 -1 -1 0 0 -1 0 0 0 0 -1 0 0 0 0 0 0 0 -1 -1 -1 0 0 0 0 0 -1 -1 -1 0 0 -1 0 -1 -1 -1 0 0 -1 0 -1 0 -1 0 0 0 -1 0 -1 0 0 0 -1 0 -1 0 0 0 0 0 0 0 0 0 -1 0 -1 -1 0 -1 -1 0 0 -1 -1 0 0 -1 -1 -1 0 0 -1 0 -1 0
0 -1 -1 -1 -1 -1 0 -1 -1 -1 0 0 0 -1 0 -1 0 0 0 0 -1 0 -1 -1 0 0 -1 -1 0 0 0 -1 -1 0 0 0 -1 -1 -1 0 0 -1 0 0 0 -1 0 0 -1 -1 -1 -1 0 0 0 -1 -1 -1 -1 -1 -1 0 0 0 -1 -1 -1 0 0 -1 -1 0 0 0 0 -1 -1 -1 0 -1 -1 0 0 -1 0 -1 -1 0 0 0 0 -1 -1 -1 0 -1 0 0 0 0 0 -1 -1 0 -1 -1 0 -1 -1 0 -1 0 -1 0 -1 -1 0 0 0 0 -1 0 -1 0 0 -1 -1 -1 -1 -1 0 0 0 0 0 -1 -1 -1 -1 0 -1 -1 -1 0 0 -1 -1 0 -1 -1
-1 0 -1 -1 -1 -1 -1 -1 -1 -1 -1 -1 0 -1 0 -1 0 0 0 0 0 -1 0 -1 -1 0 -1 0 0 -1 -1 -1 0 -1 -1 0 0 -1 -1 0 -1 -1 -1 0 -1 0 -1 0 -1 0 -1 -1 0 -1 -1 -1 -1 0 -1 -1 0 0 -1 -1 -1 -1 0 -1 -1 -1 0 -1 0 -1 -1 -1 0 -1 -1 -1 0 -1 -1 -1 -1 -1 0 0 0 0 -1 0 0 -1 -1 -1 -1 0 -1 0 -1 0 0 0 -1 0 0 0 -1 0 0 0 -1 -1 0 0 -1 0 0 0 -1 0 -1 0 -1 -1 -1 -1 -1 -1 0 -1 0 -1 0 -1 -1 0 0 0 0 -1 0 -1 -1 -1 0 -1 -1 0
-1 0 -1 -1 0 0 -1 0 0 -1 0 -1 0 0 -1 0 -1 -1 0 -1 -1 -1 -1 -1 -1 -1 -1 -1 -1 0 0 0 -1 0 0 0 -1 -1 0 0 0 0 0 0 0 -1 0 0 -1 0 0 -1 -1 0 0 0 -1 0 -1 -1 0 -1 0 -1 -1 -1 -1 -1 -1 -1 0 -1 -1 -1 -1 0 -1 0 -1 0 0 -1 0 0 -1 0 -1 -1 0 -1 -1 -1 -1 0 0 -1 -1 0 0 0 -1 0 0 0 -1 -1 0 -1 0 -1 0 0 -1 0 0 0 -1 -1 0 -1 0 0 0 -1 0 -1 0 0 0 -1 0 -1 0 -1 0 0 0 -1 -1 -1 0 -1 -1 -1 0 -1 0 0 -1 0
0 -1 -1 -1 -1 -1 0 -1 0 -1 0 -1 -1 -1 0 -1 -1 -1 -1 -1 -1 -1 0 0 -1 -1 -1 0 0 -1 0 -1 0 0 0 -1 0 0 0 0 0 -1 -1 0 0 -1 0 0 0 -1 -1 -1 0 0 -1 -1 -1 0 0 0 0 -1 -1 0 -1 0 -1 -1 0 -1 0 0 0 0 0 -1 -1 -1 0 -1 0 0 -1 -1 0 0 -1 0 0 0 0 0 0 -1 -1 -1 -1 0 -1 -1 0 0 0 0 -1 0 -1 0 -1 0 0 -1 -1 0 0 -1 0 -1 0 0 -1 -1 0 0 -1 0 0 0 -1 -1 -1 0 -1 0 0 0 0 0 0 -1 0 0 0 0 0 0 -1 -1 -1 -1
-1 -1 0 -1 -1 -1 0 0 0 0 -1 0 0 -1 -1 0 -1 -1 0 0 -1 0 0 0 -1 0 -1 0 -1 -1 0 0 -1 0 -1 -1 -1 -1 -1 0 -1 0 0 -1 -1 -1 -1 0 -1 0 0 0 0 0 0 -1 -1 -1 0 -1 0 -1 0 0 -1 0 0 0 -1 0 -1 -1 -1 -1 -1 0 0 0 -1 -1 0 -1 -1 0 -1 -1 0 0 -1 0 -1 -1 0 0 0 -1 0 -1 -1 0 -1 0 -1 -1 0 -1 0 -1 0 -1 -1 0 -1 -1 0 0 -1 0 -1 0 -1 0 -1 -1 -1 0 0 -1 0 -1 -1 0 0 -1 -1 0 0 -1 0 0 -1 -1 0 -1 0 -1 -1 0 0 -1
-1 0 0 -1 0 0 0 0 -1 -1 0 -1 -1 -1 0 0 0 -1 0 -1 -1 -1 -1 0 -1 0 -1 0 0 -1 0 0 0 0 0 -1 0 -1 -1 -1 0 0 0 -1 0 -1 0 -1 -1 -1 -1 -1 -1 -1 -1 0 0 -1 0 -1 -1 -1 0 -1 0 -1 -1 -1 -1 0 0 -1 0 -1 0 0 -1 -1 0 -1 -1 -1 -1 -1 0 0 -1 0 -1 0 -1 0 0 -1 0 -1 -1 0 -1 0 0 -1 -1 -1 0 -1 -1 -1 -1 -1 0 0 0 0 0 0 -1 0 0 0 0 -1 0 0 -1 -1 0 -1 0 -1 0 -1 0 0 0 0 -1 -1 -1 -1 -1 -1 0 0 -1 0 -1 0 -1 0
-1 -1 0 -1 0 0 -1 0 -1 -1 -1 0 0 0 0 0 -1 -1 -1 0 0 0 0 -1 -1 0 0 0 0 -1 0 0 -1 0 -1 -1 0 0 0 0 -1 -1 -1 -1 -1 0 -1 -1 -1 0 -1 0 0 0 -1 0 -1 0 0 -1 -1 0 0 0 0 0 0 -1 -1 0 -1 -1 -1 -1 -1 -1 0 0 -1 -1 -1 0 0 0 -1 -1 -1 0 0 0 0 0 0 0 -1 -1 -1 0 -1 0 -1 0 -1 -1 0 0 -1 0 -1 0 -1 -1 0 0 -1 -1 0 0 0 -1 0 0 -1 0 0 -1 -1 0 0 -1 -1 0 -1 0 0 -1 -1 -1 -1 -1 0 0 0 0 -1 -1 0 -1 -1 -1
0 -1 -1 0 -1 -1 -1 -1 -1 0 0 -1 -1 -1 0 -1 -1 0 -1 0 0 0 0 -1 -1 0 0 0 -1 -1 -1 -1 0 0 0 0 0 0 0 0 -1 -1 0 -1 -1 0 0 -1 0 -1 0 0 0 -1 -1 -1 -1 -1 -1 -1 0 -1 -1 0 0 -1 0 -1 0 0 0 -1 -1 -1 -1 -1 -1 0 0 -1 0 0 0 -1 -1 -1 0 0 -1 0 -1 -1 -1 0 -1 0 -1 0 -1 0 0 0 -1 -1 0 -1 -1 0 0 -1 -1 0 -1 0 0 0 -1 -1 0 0 0 0 -1 0 -1 -1 0 0 0 -1 0 0 0 -1 -1 -1 -1 -1 -1 0 0 0 0 0 0 0 -1 0 0 0
0 -1 0 0 0 0 0 0 -1 -1 -1 -1 -1 0 -1 0 0 0 0 0 0 -1 0 -1 -1 0 -1 0 0 0 -1 -1 0 0 -1 0 -1 0 0 -1 0 -1 -1 -1 0 -1 0 -1 -1 0 0 0 0 0 -1 -1 -1 0 0 0 -1 0 -1 -1 0 0 -1 -1 -1 -1 -1 0 0 -1 0 -1 0 -1 0 -1 0 0 0 -1 0 -1 0 -1 0 -1 -1 -1 0 -1 0 -1 0 0 -1 -1 0 -1 -1 -1 -1 -1 0 0 0 0 0 -1 0 0 0 0 -1 -1 -1 0 0 0 -1 -1 -1 0 -1 -1 0 0 0 0 -1 0 -1 -1 0 -1 0 -1 0 -1 0 0 -1 0 -1 0 -1 -1
-1 0 -1 -1 -1 0 -1 -1 0 0 0 -1 -1 -1 0 -1 0 0 -1 -1 0 0 -1 0 0 -1 -1 -1 0 0 0 -1 -1 0 0 0 0 -1 -1 -1 -1 0 0 -1 0 0 -1 0 -1 -1 0 0 -1 0 0 0 0 -1 0 0 0 -1 -1 0 -1 0 0 -1 0 -1 -1 0 -1 0 -1 -1 0 -1 0 -1 0 0 -1 0 0 -1 -1 0 0 0 0 -1 -1 -1 0 0 0 -1 0 -1 0 -1 0 0 -1 -1 -1 0 0 0 -1 -1 -1 -1 0 0 0 -1 0 -1 0 -1 -1 -1 -1 0 -1 0 -1 -1 0 -1 -1 0 -1 -1 -1 -1 -1 -1 -1 -1 -1 0 0 -1 0 0 0 -1
0 -1 0 -1 -1 -1 0 0 0 -1 0 -1 -1 0 0 -1 -1 -1 0 -1 -1 -1 -1 0 -1 -1 0 -1 -1 -1 0 -1 0 -1 -1 -1 -1 0 -1 -1 -1 0 -1 0 -1 -1 -1 0 -1 0 0 -1 -1 0 0 0 0 0 -1 0 -1 0 0 0 0 0 -1 0 0 0 -1 -1 -1 0 -1 -1 0 0 0 0 -1 -1 0 0 -1 -1 -1 0 0 0 0 -1 -1 -1 -1 0 0 -1 0 -1 -1 -1 0 -1 0 0 0 -1 0 0 0 0 -1 0 0 0 -1 0 -1 0 -1 -1 0 -1 -1 -1 -1 0 -1 -1 -1 0 -1 0 -1 0 0 0 -1 0 0 0 0 -1 0 0 0 0 -1 0
0 -1 -1 0 0 0 0 0 0 0 0 0 0 -1 0 -1 -1 0 -1 -1 -1 -1 -1 0 0 0 -1 0 -1 0 -1 0 0 0 -1 -1 -1 -1 0 0 -1 -1 -1 0 0 -1 0 -1 -1 0 0 -1 -1 -1 -1 -1 0 0 -1 -1 -1 0 0 0 0 0 -1 0 -1 0 -1 0 0 0 -1 -1 -1 -1 0 0 0 -1 0 0 0 -1 -1 -1 -1 -1 0 -1 0 0 0 0 0 0 0 0 0 -1 -1 0 -1 -1 -1 0 -1 -1 0 -1 -1 0 -1 0 -1 0 -1 0 0 0 -1 0 0 -1 -1 0 0 -1 0 -1 0 0 -1 -1 0 -1 0 0 0 0 -1 0 0 0 -1 -1 0 0
150
-6 0 -8 0 0 4 0 -2 1 8 -6 0 7 0 0 0 0 0 3 0 0 0 0 9 0 0 0 6 0 9 0 5 0 -4 -7 0 0 -3 0 -10 0 10 0 1 3 0 0 0 1 -1 0 0 -2 -1 1 0 -5 -6 -1 4 0 0 8 -7 -1 0 -10 0 -1 0 4 -5 0 2 -7 0 0 0 -5 0 -8 8 -7 0 2 -5 2 -1 -1 1 -8 0 -7 0 0 0 0 0 -5 6 6 4 0 0 -1 1 8 1 -5 0 10 0 0 0 -1 0 -9 0 0 0 -1 6 6 0 -10 5 -1 4 0 8 0 0 0 0 0 0 0 0 8 4 -5 0 0 -4 0 -2 0 0 0 0 