60
60
-1 -1 -1 0 -1 -1 -1 0 0 -1 0 -1 -1 -1 -1 0 0 -1 -1 -1 -1 -1 -1 0 -1 -1 -1 -1 -1 5 -1 -1 0 -1 -1 -1 -1 -1 0 -1 -1 -1 -1 -1 -1 -1 0 -1 -1 -1 -1 -1 -1 -1 -1 0 -1 -1 0 -1
-1 -1 0 -1 -1 -1 0 -1 -1 -1 -1 -1 -1 -1 -1 -1 0 -1 -1 0 -1 0 0 -1 -1 0 -1 -1 -1 0 -1 0 -1 -1 0 -1 -1 0 0 -1 -1 0 -1 0 0 -1 0 -1 0 -1 -1 -1 0 0 -1 -1 0 -1 -1 -1
-1 -1 -1 -1 -1 -1 0 0 -1 -1 0 -1 -1 -1 -1 -1 -1 -1 -1 -1 -1 -1 0 0 -1 -1 0 -1 -1 -1 -1 -1 0 -1 0 -1 0 -1 -1 -1 -1 -1 -1 -1 -1 0 -1 -1 -1 -1 -1 0 -1 0 0 -1 -1 -1 0 -1
0 -1 0 -1 -1 -1 0 -1 -1 -1 -1 0 -1 -1 -1 -1 -1 -1 -1 0 -1 0 0 -1 -1 -1 -1 -1 -1 -1 -1 -1 0 -1 -1 -1 -1 -1 -1 -1 -1 0 -1 0 -1 -1 0 -1 0 0 -1 -1 -1 -1 0 -1 0 0 0 -1
-1 0 -1 0 0 0 -1 0 -1 -1 -1 -1 -1 -1 0 0 0 0 0 -1 0 -1 -1 0 -1 0 0 0 0 -1 -1 -1 -1 -1 -1 0 -1 -1 -1 0 -1 0 0 0 -1 -1 -1 0 0 0 -1 0 0 -1 0 0 -1 0 -1 -1
-1 0 -1 -1 -1 -1 0 -1 -1 -1 -1 0 -1 -1 -1 -1 -1 -1 -1 -1 -1 -1 -1 -1 -1 -1 -1 0 -1 -1 0 0 0 0 -1 -1 0 -1 0 -1 -1 0 -1 -1 -1 -1 -1 -1 0 0 -1 0 -1 0 -1 -1 -1 0 0 -1
-1 -1 -1 -1 0 -1 -1 -1 -1 0 -1 -1 0 -1 0 0 -1 -1 -1 -1 -1 0 -1 -1 -1 0 -1 -1 0 -1 -1 -1 -1 -1 0 -1 0 -1 -1 -1 -1 -1 -1 -1 -1 0 0 0 -1 -1 -1 -1 -1 -1 0 -1 -1 -1 -1 -1
-1 0 0 0 0 0 -1 -1 -1 0 0 -1 -1 -1 -1 -1 0 -1 -1 0 -1 -1 -1 0 -1 -1 -1 -1 -1 0 -1 0 -1 -1 -1 0 -1 -1 -1 -1 -1 -1 0 -1 -1 0 0 0 -1 0 -1 0 0 0 -1 0 0 -1 0 -1
0 -1 -1 -1 -1 -1 -1 -1 -1 0 -1 0 -1 0 0 -1 0 0 0 -1 0 0 -1 -1 0 -1 -1 -1 -1 -1 -1 -1 -1 0 -1 -1 0 -1 -1 -1 0 -1 -1 -1 -1 -1 -1 -1 0 -1 -1 -1 0 -1 -1 0 0 -1 -1 0
-1 -1 -1 0 -1 -1 0 -1 -1 -1 0 -1 0 -1 0 -1 -1 -1 -1 -1 0 -1 -1 -1 -1 -1 0 0 -1 0 -1 -1 -1 -1 0 0 -1 -1 0 0 -1 0 -1 -1 -1 -1 -1 -1 0 -1 0 0 -1 -1 -1 0 -1 -1 0 -1
-1 -1 -1 -1 -1 -1 -1 -1 -1 0 -1 -1 -1 -1 -1 -1 -1 0 -1 -1 0 -1 -1 -1 0 -1 -1 -1 -1 -1 -1 -1 -1 -1 -1 -1 -1 -1 -1 -1 0 -1 -1 -1 -1 -1 -1 -1 -1 -1 -1 -1 0 0 0 -1 -1 0 -1 -1
-1 0 0 0 -1 0 -1 -1 0 -1 -1 -1 -1 -1 -1 0 -1 -1 0 -1 -1 0 -1 -1 -1 -1 -1 -1 0 -1 -1 -1 -1 0 0 -1 -1 -1 0 -1 -1 0 -1 -1 -1 0 -1 -1 0 -1 0 -1 -1 -1 -1 0 -1 -1 -1 -1
-1 -1 -1 -1 -1 -1 -1 -1 -1 -1 -1 -1 -1 -1 -1 -1 -1 0 0 0 -1 0 -1 0 -1 -1 -1 -1 0 -1 0 -1 -1 0 -1 -1 -1 0 -1 0 -1 0 -1 -1 -1 -1 0 -1 -1 -1 -1 0 -1 -1 -1 -1 0 0 0 -1
-1 -1 -1 -1 -1 -1 -1 0 0 0 -1 -1 -1 -1 -1 -1 0 -1 -1 0 -1 -1 0 -1 -1 -1 -1 -1 -1 0 0 -1 0 0 -1 0 0 -1 -1 0 0 0 -1 -1 0 -1 -1 -1 -1 -1 -1 0 -1 0 -1 0 -1 -1 0 0
0 -1 -1 -1 -1 0 -1 -1 -1 -1 -1 0 0 -1 0 -1 -1 -1 -1 0 -1 -1 -1 -1 0 -1 -1 -1 -1 0 -1 -1 -1 0 -1 0 -1 -1 -1 0 0 0 -1 -1 -1 0 -1 -1 -1 0 -1 -1 -1 -1 -1 0 -1 0 -1 -1
-1 0 0 -1 -1 0 -1 0 -1 -1 0 -1 -1 0 0 -1 -1 -1 -1 -1 0 -1 -1 -1 -1 -1 -1 0 -1 -1 -1 0 -1 0 -1 0 -1 -1 -1 -1 -1 0 -1 -1 -1 -1 -1 -1 0 -1 -1 -1 -1 -1 0 0 -1 -1 -1 0
0 -1 -1 -1 -1 0 0 0 -1 0 -1 -1 -1 -1 0 -1 0 -1 0 -1 -1 -1 -1 -1 0 -1 0 0 -1 -1 -1 -1 0 -1 -1 -1 0 0 -1 0 0 0 0 0 0 -1 0 -1 0 0 -1 0 -1 -1 -1 0 -1 0 -1 -1
-1 -1 -1 -1 0 -1 -1 -1 -1 -1 -1 -1 0 -1 0 -1 -1 0 -1 -1 -1 0 -1 0 0 -1 -1 -1 -1 0 -1 -1 0 -1 -1 -1 0 -1 -1 -1 -1 -1 -1 -1 -1 -1 -1 -1 -1 -1 -1 0 -1 -1 -1 -1 0 -1 -1 -1
-1 0 -1 -1 -1 -1 -1 0 -1 0 -1 -1 -1 -1 -1 0 -1 -1 0 -1 -1 -1 0 -1 -1 0 0 -1 -1 -1 0 0 -1 -1 0 -1 -1 -1 -1 -1 -1 0 -1 -1 -1 -1 0 0 -1 -1 0 0 -1 -1 -1 0 0 0 -1 -1
-1 0 -1 0 -1 -1 -1 -1 -1 0 -1 0 -1 -1 0 -1 -1 -1 -1 0 -1 0 -1 -1 0 -1 -1 -1 -1 -1 -1 -1 0 0 -1 -1 0 0 -1 0 -1 -1 -1 -1 -1 0 -1 0 0 -1 -1 -1 -1 -1 -1 0 -1 -1 -1 -1
-1 -1 -1 -1 -1 -1 -1 -1 -1 0 -1 -1 0 -1 -1 -1 -1 -1 0 -1 -1 -1 -1 -1 -1 0 -1 0 0 -1 -1 -1 -1 -1 0 0 -1 0 -1 -1 -1 -1 0 -1 -1 0 -1 -1 0 0 -1 -1 -1 -1 -1 -1 -1 -1 0 0
-1 -1 -1 -1 -1 -1 -1 0 -1 -1 -1 -1 -1 -1 -1 -1 -1 -1 0 -1 -1 -1 0 0 -1 -1 -1 -1 0 -1 0 0 -1 -1 -1 -1 0 -1 -1 -1 0 -1 0 -1 -1 -1 -1 0 0 -1 -1 -1 -1 -1 -1 0 -1 -1 -1 -1
-1 -1 -1 -1 0 0 -1 -1 -1 -1 -1 -1 0 0 -1 -1 -1 -1 -1 -1 0 0 -1 0 -1 0 -1 0 -1 -1 -1 -1 -1 0 -1 -1 -1 -1 -1 -1 0 0 -1 -1 0 -1 -1 -1 0 -1 -1 -1 0 -1 -1 0 -1 -1 -1 -1
-1 -1 -1 0 -1 0 -1 -1 0 0 -1 -1 0 0 -1 -1 -1 -1 -1 -1 0 0 -1 -1 0 -1 -1 -1 0 0 0 -1 -1 0 -1 -1 -1 0 0 0 -1 -1 0 -1 -1 -1 -1 -1 -1 -1 -1 -1 -1 -1 -1 -1 -1 -1 -1 -1
-1 -1 -1 -1 0 -1 -1 0 -1 -1 -1 -1 -1 -1 0 -1 -1 -1 0 -1 0 -1 -1 -1 -1 0 0 -1 0 -1 0 -1 0 -1 0 0 -1 -1 -1 0 -1 -1 -1 -1 -1 -1 -1 -1 -1 -1 0 -1 -1 -1 0 -1 0 0 -1 -1
-1 -1 0 0 -1 -1 -1 0 0 -1 -1 -1 -1 -1 -1 0 -1 -1 0 -1 -1 0 0 -1 -1 -1 0 0 -1 -1 -1 0 -1 -1 -1 -1 0 -1 -1 -1 -1 -1 0 0 0 0 -1 0 -1 0 0 0 0 -1 0 -1 0 -1 -1 0
-1 0 0 -1 0 0 -1 -1 -1 0 0 -1 -1 -1 -1 -1 -1 -1 0 -1 0 -1 -1 0 -1 0 -1 -1 -1 0 0 0 -1 -1 0 -1 -1 -1 0 -1 -1 -1 0 -1 -1 -1 -1 -1 0 -1 -1 -1 -1 -1 -1 -1 -1 -1 0 -1
0 0 0 0 -1 -1 -1 -1 -1 -1 -1 -1 -1 0 0 -1 -1 -1 0 -1 -1 -1 -1 -1 0 -1 -1 0 -1 -1 0 -1 -1 -1 0 -1 -1 -1 0 -1 0 -1 -1 -1 -1 -1 -1 -1 -1 0 -1 -1 0 -1 -1 -1 0 -1 -1 -1
0 -1 -1 -1 0 -1 0 -1 -1 0 -1 0 -1 -1 0 -1 0 -1 0 -1 -1 -1 -1 -1 -1 -1 -1 -1 -1 0 -1 -1 0 -1 0 -1 0 -1 -1 -1 -1 0 -1 -1 0 -1 -1 -1 -1 -1 0 -1 -1 0 0 -1 -1 -1 -1 -1
-1 -1 -1 -1 0 -1 -1 0 0 -1 -1 -1 -1 0 0 -1 -1 0 -1 0 -1 -1 -1 -1 -1 0 0 0 0 -1 -1 -1 -1 -1 0 0 -1 0 -1 -1 -1 -1 -1 0 -1 -1 -1 -1 -1 -1 -1 -1 -1 -1 -1 -1 -1 -1 -1 -1
0 -1 0 -1 0 0 -1 -1 -1 0 0 -1 0 -1 0 -1 -1 0 -1 -1 -1 -1 0 0 -1 0 -1 -1 -1 -1 -1 0 -1 -1 -1 -1 0 -1 0 -1 -1 -1 0 -1 0 0 0 -1 0 -1 -1 -1 -1 0 0 -1 0 -1 0 -1
-1 -1 -1 -1 0 -1 -1 0 -1 -1 -1 -1 -1 0 -1 0 -1 -1 -1 0 -1 -1 -1 0 -1 0 -1 -1 -1 -1 -1 -1 -1 -1 -1 0 -1 -1 -1 -1 -1 0 -1 0 -1 -1 0 -1 0 -1 -1 -1 -1 0 -1 0 -1 0 0 -1
0 -1 -1 -1 -1 -1 0 -1 0 -1 0 -1 -1 -1 -1 -1 -1 -1 -1 -1 0 -1 -1 -1 0 -1 -1 -1 -1 -1 0 0 -1 -1 -1 0 -1 0 -1 -1 -1 -1 -1 0 -1 0 -1 -1 0 0 0 -1 0 -1 0 0 0 -1 -1 0
0 -1 -1 -1 -1 -1 0 -1 0 -1 -1 -1 -1 -1 0 -1 -1 -1 -1 0 0 -1 -1 -1 -1 0 -1 -1 -1 -1 -1 0 -1 -1 -1 0 0 -1 -1 -1 -1 -1 -1 -1 0 -1 0 -1 -1 -1 -1 0 0 -1 0 -1 -1 -1 -1 0
0 -1 0 -1 0 -1 -1 -1 -1 0 0 -1 -1 0 -1 0 -1 -1 -1 -1 0 -1 -1 -1 0 -1 0 -1 -1 -1 -1 0 -1 -1 -1 -1 -1 -1 -1 -1 -1 -1 -1 -1 -1 0 -1 -1 -1 -1 -1 -1 -1 -1 -1 0 0 0 -1 -1
-1 0 -1 0 -1 0 0 0 0 -1 -1 -1 0 0 0 0 -1 -1 0 -1 -1 0 -1 -1 -1 -1 -1 -1 -1 -1 -1 -1 -1 -1 0 -1 -1 -1 -1 0 -1 -1 -1 -1 -1 -1 -1 -1 -1 -1 -1 -1 -1 0 0 -1 -1 -1 -1 -1
-1 0 -1 0 0 -1 -1 -1 0 0 -1 0 -1 -1 -1 -1 0 -1 -1 0 -1 -1 -1 0 0 -1 0 0 -1 -1 0 -1 0 0 -1 -1 0 -1 -1 -1 -1 -1 -1 0 0 -1 -1 -1 -1 -1 0 0 -1 0 0 -1 -1 0 -1 -1
0 -1 -1 -1 -1 -1 -1 -1 -1 -1 0 -1 -1 0 -1 0 0 -1 -1 0 0 0 -1 0 -1 0 -1 0 -1 -1 0 0 -1 -1 0 -1 0 0 -1 -1 -1 0 0 -1 0 -1 -1 -1 -1 -1 0 0 -1 -1 0 0 -1 0 -1 -1
-1 -1 -1 0 0 0 -1 -1 -1 -1 -1 -1 -1 0 -1 -1 0 -1 -1 -1 0 -1 -1 -1 -1 0 -1 -1 0 -1 -1 -1 -1 0 -1 -1 0 -1 -1 -1 -1 0 -1 -1 -1 0 -1 -1 0 -1 0 0 0 -1 -1 0 -1 -1 0 -1
-1 0 -1 0 -1 -1 -1 -1 -1 -1 -1 -1 -1 0 -1 0 -1 -1 0 -1 0 -1 -1 -1 0 -1 -1 0 -1 -1 -1 -1 -1 -1 0 -1 -1 -1 0 -1 -1 -1 0 0 -1 -1 -1 -1 0 -1 -1 -1 0 -1 -1 -1 0 0 -1 -1
0 -1 -1 0 -1 -1 -1 0 0 -1 0 -1 -1 -1 -1 -1 0 0 -1 -1 -1 -1 -1 -1 -1 -1 -1 -1 -1 -1 -1 -1 -1 0 -1 -1 -1 -1 0 0 -1 0 0 -1 -1 -1 0 -1 0 -1 -1 -1 0 -1 -1 0 -1 -1 0 -1
-1 -1 0 -1 -1 -1 -1 -1 -1 0 -1 -1 -1 -1 -1 -1 -1 -1 -1 -1 -1 -1 0 -1 -1 0 0 -1 -1 -1 0 -1 -1 -1 -1 -1 0 -1 0 -1 -1 -1 -1 -1 0 0 -1 -1 -1 -1 -1 -1 -1 -1 -1 -1 -1 -1 -1 -1
-1 0 -1 0 -1 0 0 0 -1 -1 -1 -1 -1 -1 -1 -1 0 0 -1 0 -1 -1 -1 -1 -1 0 0 -1 -1 0 0 -1 -1 -1 -1 0 -1 0 -1 0 -1 -1 -1 -1 -1 0 -1 -1 -1 -1 -1 -1 -1 0 -1 -1 -1 0 -1 0
0 -1 -1 0 -1 0 -1 -1 -1 -1 -1 0 -1 0 -1 0 0 -1 0 -1 0 -1 -1 -1 -1 0 -1 0 -1 -1 -1 -1 -1 -1 -1 -1 -1 -1 -1 -1 -1 0 0 -1 -1 0 -1 -1 -1 0 -1 -1 -1 0 -1 -1 -1 -1 -1 -1
-1 0 -1 -1 0 0 -1 -1 0 -1 -1 -1 -1 0 -1 -1 -1 0 -1 -1 -1 -1 -1 -1 0 0 -1 -1 -1 -1 -1 -1 -1 0 -1 -1 -1 0 -1 -1 -1 -1 -1 0 -1 -1 0 -1 -1 -1 -1 0 0 0 -1 -1 0 0 -1 -1
-1 0 -1 -1 -1 -1 -1 -1 -1 -1 -1 -1 0 0 0 -1 0 -1 -1 -1 -1 -1 -1 0 -1 -1 -1 0 -1 -1 -1 -1 -1 0 -1 -1 -1 -1 -1 -1 -1 -1 0 0 -1 0 -1 0 0 -1 -1 0 -1 -1 0 -1 -1 0 -1 0
-1 0 -1 0 0 -1 -1 0 -1 -1 -1 -1 -1 0 -1 0 -1 0 -1 0 -1 -1 -1 0 -1 -1 0 -1 -1 -1 -1 -1 -1 -1 0 -1 -1 -1 -1 -1 -1 0 -1 -1 -1 -1 0 0 0 0 -1 0 -1 -1 0 -1 -1 -1 -1 -1
-1 -1 -1 -1 -1 0 -1 -1 -1 0 -1 -1 -1 -1 0 -1 0 0 -1 -1 0 -1 0 0 0 0 -1 0 0 0 -1 -1 0 0 -1 -1 -1 -1 0 0 0 -1 -1 -1 0 0 -1 0 0 -1 -1 -1 0 -1 -1 -1 -1 -1 -1 0
-1 0 -1 -1 -1 -1 -1 -1 -1 -1 0 -1 -1 -1 0 0 -1 0 -1 0 -1 -1 0 -1 -1 -1 0 0 -1 0 -1 -1 0 -1 -1 -1 -1 0 -1 0 0 -1 -1 0 -1 -1 -1 -1 0 0 0 -1 -1 0 0 -1 -1 -1 -1 -1
0 -1 0 -1 0 -1 0 -1 -1 -1 -1 -1 -1 -1 -1 -1 0 0 -1 0 0 -1 0 -1 -1 0 0 0 0 -1 0 -1 -1 0 -1 -1 -1 -1 0 -1 -1 -1 -1 -1 -1 -1 -1 -1 -1 -1 -1 -1 0 -1 0 -1 -1 -1 -1 -1
-1 0 -1 -1 0 -1 -1 0 -1 -1 -1 0 -1 -1 0 -1 -1 -1 -1 -1 -1 0 -1 -1 -1 -1 0 -1 0 -1 -1 -1 -1 -1 -1 -1 -1 0 -1 0 -1 -1 -1 -1 0 -1 0 -1 -1 -1 -1 -1 -1 0 -1 -1 -1 -1 -1 0
0 0 -1 -1 0 -1 0 -1 -1 0 -1 -1 -1 -1 0 0 -1 -1 -1 -1 -1 0 -1 -1 -1 -1 -1 -1 0 -1 -1 0 0 -1 -1 -1 -1 -1 -1 -1 -1 -1 -1 -1 0 0 -1 -1 0 0 -1 -1 -1 -1 -1 -1 -1 -1 -1 -1
-1 0 -1 -1 0 -1 -1 -1 0 0 -1 0 0 -1 -1 0 -1 -1 0 0 0 0 0 -1 0 0 -1 0 -1 -1 -1 -1 -1 0 0 -1 0 0 -1 -1 -1 -1 -1 -1 0 -1 -1 0 -1 0 -1 0 -1 0 -1 -1 -1 0 -1 -1
-1 -1 0 0 -1 -1 -1 -1 0 -1 -1 0 -1 0 0 -1 0 -1 0 0 -1 -1 -1 -1 -1 -1 -1 -1 -1 0 0 0 -1 -1 -1 -1 -1 -1 0 -1 -1 0 -1 -1 0 0 0 -1 -1 -1 -1 0 -1 -1 -1 0 -1 -1 -1 -1
0 -1 -1 -1 -1 -1 -1 0 0 0 -1 0 -1 -1 0 0 -1 -1 0 -1 -1 -1 -1 0 0 0 0 -1 0 -1 0 -1 -1 -1 -1 0 -1 -1 0 -1 -1 0 -1 0 0 -1 -1 -1 0 0 -1 -1 -1 -1 -1 -1 -1 0 0 0
-1 -1 -1 -1 -1 0 0 -1 -1 -1 0 -1 -1 -1 0 -1 -1 0 -1 -1 0 -1 -1 -1 -1 0 -1 0 -1 -1 -1 0 -1 -1 0 0 -1 0 -1 -1 0 0 -1 0 0 0 -1 0 -1 -1 -1 -1 0 0 -1 0 -1 -1 -1 0
0 0 -1 -1 -1 -1 0 0 -1 -1 0 -1 -1 -1 -1 -1 0 -1 0 -1 0 -1 -1 -1 0 -1 -1 -1 -1 -1 -1 0 -1 -1 -1 -1 0 -1 -1 -1 0 -1 0 -1 -1 -1 -1 0 -1 0 -1 -1 -1 -1 -1 -1 0 -1 -1 0
-1 -1 -1 -1 -1 -1 0 -1 -1 -1 -1 -1 -1 -1 -1 -1 0 -1 0 -1 -1 -1 -1 0 -1 -1 0 -1 -1 -1 -1 0 0 -1 0 -1 -1 0 0 0 -1 -1 -1 -1 -1 -1 -1 -1 -1 -1 -1 -1 -1 -1 -1 -1 0 -1 0 -1
-1 -1 -1 -1 0 -1 0 0 -1 -1 -1 -1 0 -1 -1 -1 0 -1 0 -1 0 -1 0 -1 -1 0 0 -1 -1 0 -1 -1 -1 0 -1 0 -1 0 0 0 0 0 -1 0 -1 -1 0 -1 -1 -1 0 0 0 0 -1 0 -1 -1 -1 0
-1 0 0 0 0 -1 -1 -1 -1 -1 0 -1 -1 -1 -1 -1 -1 -1 -1 -1 -1 -1 0 0 -1 -1 -1 0 -1 0 -1 0 0 -1 -1 -1 -1 -1 0 0 -1 0 0 -1 -1 0 0 -1 -1 -1 -1 -1 -1 -1 -1 -1 -1 -1 0 -1
60
0 6 2 4 -3 0 -3 0 0 5 0 8 0 0 7 0 0 7 0 6 0 -2 5 -6 4 6 0 0 -5 -2 4 -9 -5 -10 9 4 -5 -1 0 8 -3 0 4 8 9 -5 3 -8 -5 2 10 1 0 -2 0 -3 -5 -5 0 -3 