150
150
-1 0 0 -1 -1 -1 -1 -1 -1 -1 -1 0 0 -1 0 -1 -1 -1 0 -1 -1 0 -1 -1 -1 -1 -1 -1 -1 -1 -1 -1 -1 -1 -1 -1 -1 -1 -1 0 -1 -1 0 0 -1 -1 -1 -1 0 -1 -1 -1 -1 -1 0 0 0 0 -1 -1 -1 -1 -1 -1 -1 0 -1 0 0 0 -1 -1 -1 0 0 0 -1 -1 -1 0 -1 -1 0 0 -5 -1 0 -1 -1 0 -1 -1 -1 -1 -1 -1 -1 -1 0 -1 -1 -1 -1 -1 -1 -1 -1 0 -1 0 0 -1 0 -1 -1 -1 -1 -1 0 -1 -1 -1 -1 -1 -1 -1 -1 0 -1 0 -1 0 -1 -1 -1 -1 0 -1 0 -1 -1 0 -1 0 -1 -1 -1 -1 -1 -1
0 -1 -1 -1 -1 -1 0 -1 -1 -1 0 -1 -1 0 -1 -1 0 -1 -1 -1 -1 -1 0 -1 -1 0 0 -1 -1 0 -1 0 0 -1 -1 0 0 -1 0 -1 -1 -1 -1 -1 -1 -1 -1 0 -1 -1 0 -1 -1 0 -1 -1 0 -1 0 0 0 -1 -1 -1 -1 -1 0 -1 0 -1 -1 -1 0 -1 -1 -1 0 -1 0 0 -1 -1 0 -1 0 -1 -1 -1 -1 -1 -1 -1 -1 -1 0 -1 -1 -1 -1 -1 -1 0 0 -1 -1 -1 0 0 0 -1 0 -1 0 -1 0 0 -1 -1 -1 0 -1 -1 -1 0 -1 -1 -1 -1 -1 -1 0 0 0 0 -1 -1 -1 -1 -1 -1 -1 -1 -1 -1 -1 -1 0 -1 -1 -1
0 -1 -1 -1 -1 0 -1 -1 -1 -1 0 0 -1 -1 -1 0 0 0 0 -1 -1 -1 -1 -1 0 0 -1 -1 -1 -1 0 -1 -1 0 -1 0 -1 -1 -1 -1 0 0 -1 -1 -1 -1 0 -1 0 -1 -1 0 0 -1 -1 -1 -1 0 0 -1 -1 -1 0 0 -1 -1 -1 -1 0 0 -1 -1 0 -1 -1 -1 -1 -1 -1 -1 -1 0 0 -1 0 -1 0 -1 0 0 0 -1 0 -1 0 -1 -1 -1 -1 -1 -1 -1 0 -1 -1 -1 -1 -1 -1 -1 -1 -1 0 0 0 -1 -1 -1 -1 0 0 0 -1 0 0 -1 0 -1 -1 0 -1 -1 -1 -1 -1 -1 0 0 0 0 0 -1 -1 0 0 0 -1 0 -1 0
-1 0 -1 -1 0 -1 -1 -1 -1 -1 -1 -1 -1 -1 0 -1 -1 -1 0 -1 -1 -1 -1 0 -1 -1 -1 0 -1 0 0 -1 0 0 0 -1 -1 -1 -1 -1 0 -1 -1 -1 0 -1 -1 -1 -1 -1 -1 0 -1 0 -1 -1 -1 -1 0 -1 0 0 -1 -1 -1 -1 -1 -1 0 -1 -1 -1 -1 0 -1 0 -1 -1 -1 0 -1 -1 0 -1 -1 -1 0 -1 -1 -1 -1 -1 -1 0 0 -1 -1 -1 -1 -1 -1 -1 -1 -1 0 -1 0 -1 -1 0 0 0 0 -1 -1 -1 -1 -1 0 -1 -1 0 -1 -1 0 -1 -1 -1 -1 -1 0 -1 -1 -1 0 -1 -1 -1 -1 -1 0 -1 -1 0 -1 0 -1 0 0 -1
-1 -1 -1 0 0 -1 -1 0 0 -1 0 -1 0 -1 0 -1 0 -1 -1 -1 -1 -1 -1 -1 -1 0 -1 -1 0 0 -1 -1 -1 0 -1 -1 -1 -1 -1 -1 -1 0 -1 0 0 0 -1 -1 -1 -1 -1 0 -1 -1 -1 0 -1 -1 -1 -1 -1 -1 -1 0 -1 -1 -1 -1 0 -1 -1 0 0 -1 -1 -1 -1 0 -1 -1 0 -1 -1 -1 0 -1 0 0 -1 0 0 -1 -1 -1 -1 -1 -1 -1 -1 -1 0 -1 -1 0 0 -1 0 -1 -1 -1 -1 -1 -1 0 -1 0 0 -1 -1 -1 0 -1 -1 0 -1 -1 -1 -1 -1 0 -1 -1 -1 -1 0 -1 -1 -1 0 -1 -1 -1 -1 0 -1 0 -1 -1 -1 0
-1 -1 -1 0 -1 -1 0 -1 0 -1 -1 0 -1 -1 0 0 -1 -1 0 -1 0 -1 -1 0 -1 0 0 -1 -1 0 -1 -1 0 -1 -1 -1 -1 -1 -1 0 -1 -1 -1 -1 -1 -1 -1 -1 0 0 -1 -1 -1 0 -1 -1 0 -1 0 0 0 -1 -1 -1 -1 -1 -1 -1 0 0 -1 -1 -1 -1 -1 -1 -1 0 -1 0 -1 0 -1 -1 0 -1 0 0 -1 0 -1 -1 0 -1 -1 -1 -1 -1 -1 -1 -1 -1 0 -1 0 -1 0 -1 -1 -1 0 0 -1 0 -1 -1 -1 -1 -1 0 0 -1 -1 -1 -1 -1 -1 -1 -1 -1 -1 0 -1 0 -1 -1 -1 -1 0 -1 -1 0 0 0 -1 -1 -1 -1 -1 -1
-1 -1 -1 -1 -1 -1 -1 -1 -1 0 -1 -1 0 -1 -1 0 -1 -1 -1 -1 -1 -1 0 0 0 0 0 -1 -1 -1 -1 -1 0 -1 -1 -1 -1 0 -1 -1 -1 -1 -1 -1 -1 0 -1 -1 -1 -1 -1 -1 0 -1 -1 -1 -1 -1 0 -1 0 0 -1 -1 -1 -1 -1 -1 -1 -1 0 0 -1 -1 -1 -1 0 -1 0 -1 -1 -1 -1 -1 -1 -1 -1 -1 -1 -1 -1 -1 -1 -1 -1 -1 0 0 -1 -1 -1 -1 -1 -1 -1 0 0 -1 -1 -1 0 0 0 -1 -1 -1 -1 -1 -1 0 -1 -1 0 0 0 -1 -1 0 -1 0 0 0 0 -1 -1 -1 -1 -1 0 0 -1 -1 -1 -1 0 -1 -1 -1 -1 -1
-1 -1 0 -1 -1 -1 -1 -1 0 -1 0 -1 0 -1 -1 -1 -1 -1 -1 -1 -1 0 -1 -1 0 -1 0 -1 0 -1 -1 0 -1 -1 -1 -1 0 -1 -1 -1 -1 0 -1 0 -1 -1 -1 -1 -1 -1 -1 -1 -1 -1 0 0 -1 0 0 -1 -1 -1 -1 0 0 -1 -1 -1 -1 -1 0 -1 -1 -1 0 0 -1 0 -1 -1 -1 -1 -1 -1 -1 -1 -1 0 0 -1 -1 -1 0 0 0 0 -1 -1 -1 -1 -1 0 -1 -1 -1 0 0 -1 0 0 0 -1 0 -1 -1 0 0 0 0 -1 0 -1 -1 0 0 -1 0 -1 -1 -1 0 0 -1 -1 -1 -1 -1 -1 -1 -1 -1 -1 -1 -1 -1 0 -1 -1 0 -1
-1 -1 -1 -1 -1 -1 -1 -1 0 0 -1 -1 0 -1 -1 -1 -1 -1 -1 -1 -1 -1 -1 -1 -1 -1 -1 -1 -1 -1 0 -1 0 0 -1 -1 -1 0 -1 -1 -1 -1 -1 -1 -1 -1 -1 0 0 -1 0 -1 -1 0 -1 -1 0 0 -1 0 -1 -1 -1 -1 -1 -1 -1 0 0 0 -1 -1 -1 0 0 -1 0 -1 -1 0 0 -1 -1 -1 -1 -1 0 -1 0 -1 -1 -1 -1 0 -1 0 -1 -1 -1 -1 -1 0 -1 0 0 0 0 -1 -1 -1 0 -1 -1 0 -1 -1 0 -1 -1 -1 0 0 -1 -1 -1 -1 0 -1 -1 0 -1 0 -1 -1 -1 -1 -1 -1 0 -1 0 -1 -1 -1 -1 0 0 -1 0 -1
-1 -1 0 -1 -1 -1 0 -1 -1 -1 -1 -1 -1 -1 0 -1 -1 -1 -1 -1 0 -1 -1 -1 -1 -1 0 -1 -1 0 0 -1 -1 0 -1 -1 -1 0 0 -1 -1 -1 0 -1 -1 -1 -1 -1 -1 -1 -1 -1 0 -1 -1 0 -1 0 -1 -1 -1 -1 -1 -1 -1 -1 -1 -1 0 -1 -1 -1 -1 -1 0 -1 0 -1 -1 -1 -1 -1 0 -1 0 -1 0 -1 -1 -1 -1 -1 -1 0 -1 -1 -1 -1 -1 -1 -1 -1 -1 -1 -1 -1 -1 0 -1 0 0 -1 -1 -1 -1 -1 -1 -1 -1 -1 0 0 -1 -1 -1 -1 -1 -1 -1 -1 -1 0 -1 -1 -1 -1 -1 -1 -1 -1 -1 -1 -1 -1 -1 0 -1 -1 0 0
0 -1 0 -1 -1 0 -1 0 0 -1 0 -1 0 -1 -1 -1 -1 -1 -1 0 -1 -1 -1 -1 -1 -1 -1 0 -1 -1 -1 -1 0 0 -1 -1 -1 -1 -1 0 0 -1 -1 -1 0 -1 -1 0 -1 -1 -1 -1 -1 -1 -1 0 -1 -1 -1 0 -1 -1 -1 -1 -1 0 -1 -1 -1 -1 0 -1 0 -1 -1 -1 -1 -1 -1 0 0 0 0 -1 0 -1 -1 -1 -1 -1 -1 0 0 -1 -1 -1 0 -1 0 -1 0 0 -1 0 -1 -1 -1 -1 0 -1 -1 -1 -1 -1 0 -1 -1 0 -1 0 -1 -1 0 -1 0 -1 0 -1 0 -1 0 -1 0 -1 -1 -1 -1 -1 0 -1 -1 -1 -1 -1 -1 0 -1 -1 0 -1
0 -1 0 0 -1 -1 0 -1 -1 -1 0 0 -1 -1 -1 -1 -1 0 0 0 -1 -1 -1 -1 -1 -1 -1 -1 -1 -1 0 -1 -1 -1 0 0 0 -1 -1 0 -1 -1 -1 0 -1 -1 -1 0 -1 -1 0 0 -1 -1 -1 0 -1 -1 -1 -1 0 -1 0 -1 -1 -1 -1 -1 0 -1 -1 -1 -1 -1 -1 0 0 0 0 0 -1 0 -1 -1 -1 0 0 0 -1 -1 -1 0 -1 -1 -1 -1 -1 -1 0 -1 0 -1 0 -1 -1 -1 -1 -1 -1 0 -1 -1 0 -1 -1 -1 -1 0 -1 -1 -1 0 -1 -1 0 0 -1 -1 -1 -1 -1 0 -1 -1 -1 -1 0 -1 -1 -1 0 -1 0 0 -1 -1 -1 -1 -1 -1
0 -1 -1 -1 -1 -1 -1 -1 -1 -1 -1 0 -1 -1 -1 -1 0 -1 0 -1 -1 -1 0 -1 -1 0 0 -1 -1 -1 -1 0 -1 -1 0 0 0 -1 -1 0 -1 -1 0 -1 -1 -1 0 -1 -1 0 -1 -1 -1 0 -1 -1 -1 0 0 -1 0 -1 0 0 -1 0 -1 0 -1 0 -1 -1 -1 0 -1 0 0 -1 -1 -1 -1 0 -1 -1 -1 0 -1 -1 -1 0 -1 -1 0 -1 -1 -1 -1 -1 -1 -1 -1 -1 0 -1 -1 -1 -1 -1 -1 -1 0 -1 -1 -1 -1 0 -1 0 -1 -1 -1 -1 -1 0 0 -1 -1 -1 -1 0 0 0 -1 0 -1 -1 -1 -1 -1 0 -1 0 -1 -1 -1 -1 -1 0 -1 -1
-1 0 0 -1 -1 -1 0 0 0 0 -1 0 -1 -1 0 -1 -1 0 -1 -1 -1 0 -1 -1 -1 -1 0 -1 -1 -1 -1 -1 -1 -1 0 -1 -1 0 -1 -1 -1 -1 -1 -1 -1 0 0 0 -1 -1 -1 0 -1 -1 -1 0 -1 -1 0 -1 -1 -1 -1 0 -1 -1 0 -1 -1 0 -1 0 -1 0 -1 -1 -1 0 -1 -1 -1 -1 -1 -1 -1 -1 -1 0 0 -1 -1 -1 -1 0 0 -1 0 0 0 -1 -1 0 -1 -1 0 0 0 0 -1 -1 -1 -1 0 -1 -1 -1 -1 -1 0 -1 -1 -1 -1 -1 -1 -1 0 -1 0 0 -1 -1 0 0 -1 -1 -1 -1 -1 -1 0 -1 -1 -1 -1 -1 -1 -1 0 -1
-1 -1 -1 -1 0 -1 -1 -1 0 -1 0 -1 0 0 0 0 0 0 -1 -1 0 -1 -1 0 -1 -1 0 -1 -1 -1 -1 -1 0 -1 -1 -1 -1 -1 -1 0 0 -1 -1 -1 -1 -1 -1 -1 -1 0 -1 -1 -1 0 -1 -1 0 -1 -1 -1 0 -1 0 -1 -1 0 -1 -1 0 -1 -1 -1 -1 0 0 -1 0 -1 -1 0 0 0 -1 -1 0 -1 -1 -1 -1 -1 -1 -1 -1 0 -1 -1 -1 -1 0 -1 0 -1 -1 -1 -1 -1 -1 0 -1 -1 -1 -1 -1 0 0 0 -1 -1 -1 -1 -1 -1 -1 -1 -1 -1 -1 -1 -1 0 -1 -1 -1 -1 -1 -1 0 -1 -1 0 -1 0 -1 -1 0 -1 -1 -1 0 0
-1 -1 0 -1 -1 -1 -1 -1 0 -1 -1 -1 -1 0 -1 -1 -1 0 -1 -1 -1 -1 -1 0 -1 0 -1 0 -1 -1 -1 -1 -1 -1 -1 -1 0 0 -1 0 -1 0 -1 -1 -1 -1 0 -1 -1 0 -1 -1 -1 -1 -1 0 -1 0 -1 0 -1 -1 0 0 -1 -1 0 -1 0 -1 -1 0 0 0 0 -1 -1 0 -1 -1 -1 -1 0 -1 -1 0 -1 0 -1 -1 -1 -1 -1 -1 -1 -1 -1 -1 -1 0 -1 0 0 -1 -1 -1 0 0 0 -1 -1 -1 0 -1 -1 -1 -1 -1 -1 -1 0 -1 0 -1 -1 -1 -1 -1 -1 -1 0 -1 0 -1 -1 -1 -1 -1 0 -1 0 0 -1 -1 -1 -1 0 -1 -1 -1
-1 -1 -1 0 -1 -1 -1 0 -1 -1 -1 0 -1 0 -1 -1 -1 -1 -1 -1 -1 -1 0 -1 0 -1 -1 0 -1 -1 0 -1 -1 0 0 -1 -1 -1 -1 -1 0 0 -1 -1 -1 -1 -1 -1 -1 -1 -1 -1 -1 -1 -1 0 -1 -1 -1 -1 -1 -1 -1 -1 -1 -1 -1 0 0 -1 0 0 -1 0 -1 -1 -1 -1 -1 -1 0 -1 -1 0 -1 -1 -1 -1 -1 -1 -1 0 -1 -1 0 -1 0 -1 -1 0 -1 0 -1 0 -1 -1 -1 -1 -1 0 0 0 -1 0 -1 0 0 -1 -1 0 -1 -1 -1 -1 -1 -1 0 -1 0 -1 -1 -1 -1 -1 -1 -1 -1 -1 -1 0 -1 -1 -1 -1 -1 -1 0 0 -1 0
-1 0 -1 -1 0 -1 -1 -1 0 -1 -1 -1 0 -1 -1 -1 0 -1 -1 -1 -1 0 -1 0 -1 -1 -1 0 -1 -1 -1 -1 0 -1 -1 -1 0 0 0 0 -1 -1 -1 -1 -1 -1 -1 0 -1 -1 -1 0 -1 -1 -1 -1 -1 -1 0 -1 -1 -1 -1 -1 -1 0 0 0 -1 -1 0 -1 -1 -1 -1 -1 -1 0 -1 -1 0 -1 0 -1 0 0 -1 -1 -1 0 0 0 -1 0 -1 -1 0 -1 -1 0 -1 -1 -1 -1 0 -1 0 0 0 -1 -1 -1 -1 -1 -1 -1 0 0 -1 -1 -1 0 -1 0 -1 -1 0 0 0 -1 -1 -1 0 -1 -1 0 -1 -1 -1 -1 -1 -1 -1 0 -1 -1 -1 -1 0 -1
-1 0 -1 -1 -1 -1 -1 -1 -1 0 -1 0 0 0 -1 -1 0 -1 -1 -1 -1 -1 -1 -1 -1 -1 -1 -1 -1 -1 -1 -1 -1 -1 0 -1 -1 0 0 -1 -1 0 -1 -1 0 -1 0 -1 0 -1 -1 -1 0 -1 -1 -1 0 0 -1 0 0 0 0 -1 -1 -1 -1 0 -1 -1 -1 0 -1 0 -1 -1 -1 -1 -1 -1 -1 -1 -1 -1 -1 -1 -1 0 -1 0 0 0 -1 -1 -1 0 0 -1 -1 -1 0 -1 -1 -1 -1 -1 -1 -1 -1 -1 0 0 -1 -1 0 0 -1 -1 -1 -1 -1 -1 -1 0 0 -1 -1 -1 -1 -1 -1 -1 -1 -1 -1 0 -1 0 -1 -1 -1 -1 -1 0 -1 -1 -1 -1 -1 -1
-1 -1 -1 -1 -1 0 -1 -1 -1 -1 -1 -1 0 -1 -1 0 0 -1 -1 -1 -1 -1 -1 0 0 -1 0 -1 -1 -1 0 -1 0 -1 0 0 -1 -1 -1 -1 0 0 -1 -1 -1 0 -1 -1 -1 -1 -1 0 0 0 0 0 0 0 -1 0 0 -1 0 0 -1 -1 -1 -1 0 -1 -1 -1 0 -1 -1 -1 0 0 0 -1 0 -1 -1 -1 -1 0 0 0 -1 -1 -1 -1 -1 -1 0 -1 -1 -1 -1 -1 -1 -1 -1 -1 -1 -1 0 0 -1 0 -1 -1 -1 -1 -1 -1 -1 0 -1 -1 -1 0 0 0 -1 0 -1 -1 -1 -1 0 -1 -1 -1 -1 0 0 -1 -1 -1 0 -1 -1 -1 0 -1 -1 -1 -1 -1
-1 0 -1 -1 -1 -1 -1 -1 -1 0 -1 -1 -1 -1 0 -1 -1 -1 -1 -1 -1 -1 -1 0 -1 -1 -1 -1 -1 -1 0 0 -1 0 -1 -1 -1 -1 -1 0 -1 -1 -1 0 0 0 -1 -1 0 -1 -1 0 -1 -1 0 -1 0 0 -1 -1 -1 -1 0 0 -1 -1 -1 -1 0 -1 -1 -1 -1 -1 -1 -1 0 -1 -1 -1 -1 -1 -1 0 -1 0 -1 0 -1 -1 0 -1 0 -1 -1 -1 -1 -1 -1 0 0 0 -1 -1 -1 0 0 -1 -1 -1 0 -1 -1 -1 -1 0 -1 0 -1 -1 -1 -1 0 -1 0 0 -1 -1 0 0 -1 -1 0 -1 -1 -1 0 -1 -1 -1 0 -1 -1 -1 -1 -1 -1 -1 -1 -1
-1 -1 -1 -1 -1 0 -1 -1 -1 -1 -1 -1 -1 -1 -1 -1 -1 -1 -1 -1 0 -1 -1 0 -1 -1 -1 0 0 -1 0 -1 -1 -1 -1 0 -1 0 -1 -1 0 -1 -1 -1 0 -1 -1 -1 0 -1 -1 -1 -1 -1 0 -1 0 0 0 0 -1 0 -1 -1 -1 -1 0 -1 0 0 -1 0 -1 -1 -1 -1 -1 0 -1 -1 -1 -1 -1 -1 -1 -1 0 -1 0 0 0 0 -1 -1 -1 -1 0 0 -1 0 -1 -1 0 -1 -1 -1 0 -1 -1 -1 -1 0 -1 0 -1 -1 -1 -1 -1 -1 0 0 0 -1 0 -1 -1 -1 -1 0 -1 -1 -1 -1 -1 0 -1 -1 0 -1 -1 -1 -1 0 -1 -1 -1 -1 -1 0
-1 -1 0 0 -1 -1 -1 -1 -1 -1 -1 0 0 -1 0 -1 0 0 0 0 0 -1 0 -1 -1 0 -1 -1 -1 0 0 0 -1 -1 -1 0 0 -1 -1 -1 -1 0 -1 -1 -1 0 -1 -1 0 -1 -1 -1 -1 -1 -1 0 -1 -1 0 0 -1 0 -1 0 -1 -1 -1 -1 0 0 -1 -1 0 0 -1 -1 -1 -1 -1 0 -1 0 0 0 -1 -1 -1 -1 -1 0 -1 -1 -1 -1 -1 -1 -1 -1 0 0 -1 -1 -1 0 -1 -1 -1 -1 -1 0 -1 -1 -1 -1 0 0 -1 -1 -1 -1 0 -1 -1 -1 0 -1 0 -1 -1 0 -1 -1 -1 -1 -1 -1 0 -1 0 -1 -1 -1 -1 0 -1 -1 -1 0 -1 -1
-1 -1 0 -1 0 -1 0 -1 0 -1 -1 0 -1 -1 0 -1 -1 -1 0 0 -1 0 0 0 0 -1 -1 -1 -1 0 -1 0 -1 -1 0 -1 -1 0 -1 -1 0 -1 -1 -1 -1 -1 -1 0 -1 -1 -1 -1 0 0 0 -1 -1 -1 0 -1 -1 -1 -1 -1 -1 -1 -1 0 -1 -1 0 -1 -1 -1 -1 -1 -1 -1 -1 -1 0 -1 -1 -1 -1 0 0 0 -1 0 -1 -1 0 -1 -1 0 -1 -1 0 -1 0 -1 -1 0 -1 -1 0 -1 -1 0 -1 -1 0 -1 -1 0 0 -1 -1 -1 -1 0 -1 0 0 -1 -1 0 -1 -1 0 -1 -1 -1 0 -1 0 -1 -1 -1 -1 -1 0 -1 -1 -1 -1 -1 -1 0
0 -1 0 -1 0 -1 -1 -1 0 0 -1 -1 0 -1 0 0 0 -1 -1 -1 0 -1 -1 -1 -1 0 -1 -1 0 0 0 0 0 -1 -1 -1 -1 -1 -1 -1 0 0 -1 0 -1 -1 -1 -1 0 0 -1 -1 -1 0 -1 -1 -1 0 -1 0 -1 0 -1 0 -1 -1 -1 -1 -1 -1 -1 -1 -1 -1 -1 0 -1 -1 -1 -1 -1 -1 -1 0 0 -1 0 -1 0 -1 0 0 -1 -1 -1 -1 -1 0 -1 -1 0 0 -1 -1 -1 -1 -1 -1 -1 -1 -1 -1 0 -1 -1 0 0 0 -1 -1 0 -1 0 -1 -1 0 0 -1 -1 0 -1 0 -1 0 -1 0 -1 -1 -1 0 -1 -1 -1 -1 0 -1 -1 -1 -1 0
-1 0 -1 -1 0 -1 -1 -1 -1 -1 -1 -1 -1 -1 -1 -1 -1 0 -1 -1 -1 -1 -1 -1 -1 -1 -1 -1 -1 -1 0 -1 -1 0 -1 -1 0 -1 -1 0 -1 -1 -1 -1 0 -1 -1 -1 -1 0 0 -1 0 -1 -1 -1 -1 0 -1 -1 -1 -1 -1 -1 -1 0 -1 -1 -1 -1 -1 0 -1 -1 -1 0 -1 -1 -1 -1 -1 0 -1 -1 0 -1 -1 0 -1 -1 -1 -1 0 0 -1 -1 -1 0 0 -1 -1 -1 -1 0 -1 -1 -1 -1 -1 -1 -1 -1 0 -1 -1 -1 0 -1 -1 -1 0 -1 -1 -1 0 -1 0 -1 -1 -1 -1 0 -1 -1 0 -1 -1 0 -1 -1 -1 0 -1 -1 -1 -1 -1 -1 0 -1
-1 -1 -1 -1 -1 0 -1 -1 -1 -1 0 -1 -1 -1 -1 -1 -1 0 0 -1 -1 -1 -1 -1 -1 -1 -1 0 -1 -1 -1 0 0 0 -1 0 -1 -1 -1 0 0 -1 -1 0 -1 0 0 -1 -1 0 0 0 0 -1 -1 -1 -1 -1 -1 -1 -1 -1 -1 -1 0 -1 -1 -1 0 -1 -1 -1 0 -1 -1 0 -1 -1 0 -1 -1 -1 0 -1 -1 -1 -1 -1 0 -1 -1 -1 0 -1 0 -1 0 -1 -1 -1 0 -1 0 -1 0 -1 -1 -1 -1 -1 0 0 0 -1 -1 -1 -1 -1 -1 -1 -1 -1 -1 -1 -1 -1 -1 -1 -1 0 -1 -1 0 0 0 0 -1 0 -1 0 -1 -1 0 -1 -1 -1 0 -1 0 0
-1 -1 -1 -1 -1 -1 -1 -1 -1 -1 -1 -1 -1 0 -1 0 -1 -1 -1 0 0 0 -1 -1 0 -1 -1 -1 -1 -1 0 -1 -1 -1 -1 0 -1 -1 0 0 0 0 0 -1 0 0 -1 0 -1 0 0 0 -1 -1 -1 -1 0 0 -1 -1 0 -1 0 -1 0 0 -1 -1 -1 0 -1 0 -1 -1 -1 -1 -1 -1 0 0 -1 0 -1 -1 0 0 0 -1 -1 0 0 0 0 -1 0 0 0 -1 -1 -1 -1 -1 -1 0 -1 0 0 0 -1 -1 -1 0 -1 -1 -1 0 -1 0 0 -1 0 0 -1 -1 0 -1 -1 -1 -1 -1 -1 0 -1 -1 -1 -1 0 -1 -1 0 -1 -1 -1 -1 -1 -1 -1 0 0 -1
0 0 -1 -1 -1 -1 -1 -1 -1 -1 -1 0 0 -1 -1 -1 -1 -1 0 -1 0 -1 -1 -1 -1 0 0 -1 0 -1 0 0 -1 -1 -1 0 -1 0 -1 -1 -1 -1 -1 -1 0 -1 -1 -1 -1 0 -1 -1 -1 -1 -1 -1 -1 -1 -1 -1 -1 0 -1 -1 0 0 0 -1 0 0 -1 -1 0 -1 -1 -1 -1 -1 0 -1 0 -1 -1 -1 0 -1 -1 -1 0 0 0 0 0 -1 0 -1 -1 -1 -1 0 0 -1 0 0 -1 0 -1 0 -1 0 0 -1 0 -1 -1 -1 -1 -1 0 0 0 -1 -1 -1 0 -1 0 -1 0 -1 0 -1 0 -1 -1 -1 -1 -1 -1 -1 -1 -1 -1 -1 -1 0 -1 -1 -1 -1
-1 -1 -1 -1 0 0 0 -1 0 0 -1 -1 -1 -1 -1 0 0 -1 0 -1 -1 0 -1 -1 0 0 -1 -1 -1 -1 0 -1 -1 -1 -1 -1 -1 -1 -1 -1 0 -1 -1 -1 -1 -1 -1 0 -1 0 -1 -1 -1 -1 0 -1 0 -1 -1 -1 -1 -1 -1 -1 -1 -1 0 -1 -1 0 0 0 -1 0 -1 -1 -1 -1 -1 -1 -1 -1 0 -1 0 -1 0 -1 -1 0 -1 0 0 -1 -1 0 -1 -1 0 -1 -1 -1 0 -1 0 -1 -1 0 -1 0 0 0 0 -1 -1 -1 -1 -1 -1 -1 -1 0 -1 -1 0 -1 0 -1 -1 0 0 -1 -1 -1 -1 -1 -1 -1 -1 -1 -1 -1 -1 -1 -1 0 -1 0 -1 -1
-1 -1 -1 -1 0 0 -1 -1 -1 -1 -1 0 -1 -1 -1 -1 -1 0 -1 -1 -1 0 -1 -1 0 -1 -1 -1 -1 0 0 -1 -1 -1 -1 -1 -1 -1 0 -1 -1 -1 -1 0 -1 -1 -1 0 -1 -1 0 -1 -1 -1 -1 -1 -1 -1 -1 -1 -1 -1 -1 -1 -1 -1 0 -1 -1 0 -1 -1 -1 -1 -1 -1 -1 -1 0 -1 -1 0 0 0 0 0 0 0 0 -1 -1 -1 -1 -1 -1 0 0 -1 0 -1 -1 0 0 -1 -1 0 -1 -1 -1 -1 0 -1 -1 -1 -1 0 -1 0 -1 0 -1 -1 -1 -1 0 -1 0 -1 0 -1 -1 -1 0 -1 -1 -1 -1 -1 -1 0 -1 0 -1 0 -1 -1 -1 0 -1 -1
-1 -1 -1 -1 -1 -1 0 -1 -1 -1 0 0 -1 -1 0 -1 0 0 -1 -1 0 -1 -1 -1 0 -1 -1 -1 -1 -1 -1 0 -1 -1 -1 -1 -1 -1 -1 -1 -1 -1 -1 -1 -1 -1 -1 0 -1 -1 -1 0 -1 0 -1 -1 -1 -1 0 -1 -1 -1 -1 -1 0 0 0 -1 0 0 -1 0 0 -1 -1 -1 -1 -1 -1 0 0 0 -1 -1 -1 -1 -1 0 -1 0 -1 -1 -1 0 -1 0 -1 -1 -1 -1 -1 -1 -1 0 -1 -1 -1 -1 -1 -1 -1 -1 -1 -1 -1 -1 -1 -1 -1 -1 0 -1 -1 -1 -1 -1 -1 -1 0 -1 0 0 0 -1 0 -1 -1 -1 0 0 -1 -1 -1 -1 -1 -1 -1 -1 -1 -1
0 -1 -1 -1 -1 -1 0 -1 -1 -1 -1 -1 -1 -1 0 0 -1 -1 -1 0 -1 0 -1 0 0 -1 -1 0 0 -1 -1 -1 -1 -1 0 0 0 0 -1 -1 -1 -1 -1 0 -1 -1 -1 0 -1 -1 -1 0 -1 -1 0 -1 0 -1 -1 -1 -1 -1 -1 -1 0 -1 -1 -1 -1 0 -1 0 0 -1 -1 0 -1 -1 -1 -1 -1 0 -1 -1 0 -1 -1 0 -1 -1 0 0 -1 0 -1 -1 -1 -1 0 0 0 -1 -1 -1 -1 0 -1 -1 0 -1 0 -1 -1 -1 -1 0 0 -1 -1 -1 0 0 0 0 -1 -1 0 -1 -1 -1 0 -1 0 0 0 0 -1 -1 -1 -1 0 -1 0 0 -1 -1 -1 -1 -1 -1
-1 -1 0 -1 -1 -1 -1 -1 -1 0 0 -1 -1 -1 0 0 -1 -1 -1 0 -1 -1 -1 -1 -1 -1 -1 -1 -1 -1 -1 -1 0 -1 -1 -1 -1 -1 -1 -1 -1 0 -1 -1 -1 -1 -1 -1 0 -1 -1 0 -1 -1 -1 -1 -1 -1 -1 -1 -1 0 -1 0 -1 -1 -1 -1 -1 -1 -1 -1 -1 -1 -1 -1 0 -1 0 -1 -1 0 0 0 -1 0 0 -1 -1 -1 -1 0 -1 0 -1 -1 -1 0 0 -1 0 0 0 -1 -1 0 0 -1 -1 -1 -1 -1 -1 -1 -1 -1 -1 0 0 -1 0 -1 -1 0 -1 -1 0 0 -1 -1 0 -1 -1 -1 -1 0 -1 -1 -1 0 0 -1 -1 -1 -1 0 -1 0 0 0
0 0 -1 -1 -1 0 0 -1 0 -1 0 -1 -1 -1 0 -1 -1 -1 -1 -1 0 -1 -1 -1 0 -1 -1 0 -1 0 -1 0 -1 -1 -1 0 -1 -1 -1 -1 0 -1 0 -1 0 0 -1 -1 -1 -1 -1 -1 -1 -1 0 -1 -1 0 -1 -1 -1 -1 0 -1 -1 -1 0 -1 -1 -1 -1 0 -1 0 0 -1 -1 -1 -1 -1 -1 -1 -1 -1 -1 0 -1 0 -1 -1 -1 -1 0 -1 -1 -1 -1 -1 0 -1 -1 -1 -1 -1 0 -1 -1 0 0 -1 -1 -1 -1 -1 0 -1 -1 -1 -1 -1 -1 0 -1 -1 0 -1 -1 0 -1 -1 0 0 0 -1 0 -1 -1 0 -1 0 0 -1 -1 -1 -1 -1 -1 -1 -1 -1
0 -1 -1 -1 -1 -1 -1 0 -1 -1 -1 -1 -1 -1 0 -1 -1 -1 -1 -1 -1 0 0 -1 -1 -1 -1 -1 -1 -1 -1 -1 -1 0 0 -1 -1 -1 -1 -1 -1 -1 -1 0 -1 0 0 -1 0 -1 -1 0 -1 -1 -1 -1 -1 -1 -1 0 -1 0 -1 0 -1 -1 -1 -1 0 -1 -1 -1 -1 0 -1 0 -1 -1 -1 -1 -1 -1 -1 -1 -1 -1 -1 0 -1 0 -1 0 -1 0 0 -1 -1 -1 -1 -1 -1 0 -1 -1 0 0 -1 -1 -1 -1 -1 -1 0 0 -1 -1 -1 -1 -1 -1 0 0 -1 -1 0 0 -1 -1 -1 -1 -1 0 -1 -1 -1 -1 -1 -1 -1 0 -1 -1 0 -1 -1 0 -1 0 -1 0
-1 -1 -1 -1 -1 -1 -1 0 0 -1 0 -1 -1 -1 0 -1 -1 0 0 -1 0 0 -1 -1 -1 -1 0 -1 0 -1 -1 0 -1 -1 -1 -1 0 -1 0 -1 -1 -1 -1 0 -1 -1 0 -1 -1 0 -1 -1 0 -1 -1 -1 -1 0 0 -1 0 0 0 -1 -1 -1 -1 0 -1 0 -1 0 -1 -1 0 -1 0 0 0 0 -1 0 -1 0 -1 -1 -1 -1 -1 -1 0 -1 -1 -1 0 -1 0 -1 0 0 -1 -1 -1 -1 -1 0 0 0 -1 0 0 -1 -1 -1 -1 -1 -1 0 0 -1 -1 -1 0 -1 -1 -1 -1 -1 -1 -1 -1 -1 -1 0 0 -1 -1 0 -1 -1 -1 -1 0 -1 0 -1 -1 0 -1 0
0 -1 -1 -1 0 -1 -1 -1 -1 -1 -1 0 -1 -1 0 -1 0 -1 0 0 -1 0 0 -1 -1 -1 0 -1 -1 0 -1 -1 -1 0 -1 0 -1 -1 -1 0 -1 0 0 -1 0 0 -1 0 0 -1 -1 -1 -1 -1 -1 -1 -1 -1 0 -1 0 -1 -1 0 -1 -1 0 -1 0 0 -1 -1 0 0 -1 0 -1 -1 -1 0 -1 -1 -1 -1 -1 0 -1 0 -1 -1 -1 0 -1 -1 -1 -1 -1 -1 -1 0 -1 -1 -1 -1 0 -1 0 -1 0 -1 -1 -1 0 -1 -1 -1 -1 -1 0 0 -1 -1 -1 -1 0 -1 -1 -1 -1 -1 -1 -1 0 -1 -1 -1 -1 -1 0 -1 -1 0 -1 0 0 0 -1 0 -1 -1
-1 0 -1 -1 -1 -1 0 -1 0 -1 -1 -1 -1 -1 -1 -1 -1 -1 -1 -1 -1 -1 -1 0 0 -1 0 -1 -1 -1 -1 -1 0 -1 -1 -1 -1 0 0 -1 -1 0 -1 -1 -1 -1 0 -1 -1 -1 0 -1 -1 0 -1 -1 0 -1 0 -1 0 0 -1 -1 -1 -1 -1 -1 0 -1 -1 -1 -1 -1 0 -1 -1 0 -1 0 -1 -1 0 -1 -1 -1 -1 0 -1 0 -1 -1 0 -1 -1 -1 -1 -1 0 0 -1 -1 -1 -1 0 0 0 -1 0 -1 -1 -1 0 -1 -1 -1 -1 -1 -1 -1 0 0 -1 -1 -1 0 -1 -1 -1 0 -1 0 -1 -1 -1 -1 -1 -1 -1 -1 0 0 -1 -1 -1 -1 -1 -1 -1 0
0 -1 -1 0 -1 0 -1 -1 -1 -1 -1 -1 -1 -1 -1 -1 0 0 0 -1 0 -1 0 -1 -1 0 0 0 -1 -1 -1 -1 0 -1 -1 0 -1 -1 -1 0 -1 -1 -1 0 0 0 -1 -1 -1 -1 -1 -1 -1 -1 -1 -1 0 -1 0 -1 -1 -1 0 -1 -1 0 0 -1 -1 -1 0 -1 0 -1 -1 -1 -1 -1 -1 0 -1 -1 -1 -1 -1 -1 0 -1 0 -1 -1 -1 -1 -1 -1 -1 -1 -1 0 -1 -1 -1 -1 -1 0 0 -1 -1 -1 -1 -1 0 -1 -1 0 -1 0 0 0 -1 -1 -1 -1 -1 -1 0 0 0 0 -1 -1 0 0 -1 -1 0 -1 -1 0 -1 -1 -1 -1 -1 -1 -1 -1 0 -1 -1
-1 -1 -1 -1 -1 -1 0 0 -1 -1 -1 0 0 -1 0 -1 -1 0 0 -1 0 -1 -1 -1 -1 0 -1 -1 -1 -1 -1 0 -1 0 -1 0 -1 0 -1 -1 -1 -1 0 -1 -1 -1 -1 -1 0 -1 0 0 -1 -1 -1 -1 0 0 0 -1 -1 -1 -1 0 -1 -1 0 -1 0 -1 -1 0 -1 -1 -1 -1 -1 -1 -1 0 -1 -1 -1 -1 -1 -1 -1 0 0 0 0 -1 -1 -1 0 -1 -1 0 -1 0 0 -1 -1 0 -1 0 0 0 -1 -1 0 -1 0 -1 -1 -1 -1 -1 -1 0 0 -1 0 0 0 0 0 -1 0 -1 -1 0 0 -1 0 -1 -1 -1 -1 0 0 -1 -1 0 -1 -1 -1 0 -1 -1
-1 -1 -1 0 -1 -1 0 0 -1 -1 -1 -1 -1 0 -1 -1 0 -1 -1 0 -1 -1 0 -1 0 -1 0 0 -1 -1 -1 -1 0 -1 -1 -1 0 -1 -1 0 -1 -1 -1 0 -1 -1 0 -1 -1 -1 -1 -1 -1 0 -1 -1 -1 -1 -1 -1 -1 0 -1 -1 -1 -1 -1 -1 -1 -1 -1 0 -1 -1 0 -1 0 0 -1 -1 -1 -1 -1 -1 -1 0 -1 -1 -1 -1 0 0 -1 0 -1 -1 -1 -1 -1 -1 -1 -1 0 -1 0 -1 0 0 0 0 -1 -1 -1 -1 -1 0 0 -1 0 -1 -1 -1 -1 0 0 0 0 -1 -1 -1 -1 -1 -1 -1 -1 -1 -1 0 -1 -1 0 0 -1 -1 -1 -1 0 0 -1 -1
-1 -1 0 -1 0 0 0 -1 -1 -1 0 0 -1 0 -1 -1 0 -1 0 -1 -1 0 -1 -1 -1 -1 0 0 -1 0 0 -1 0 -1 -1 -1 -1 -1 -1 0 0 0 -1 -1 -1 0 0 -1 0 -1 -1 0 0 -1 -1 -1 0 -1 -1 -1 -1 0 0 -1 -1 -1 -1 -1 -1 -1 0 0 0 -1 -1 -1 0 -1 0 -1 -1 -1 -1 -1 0 -1 -1 0 0 0 -1 -1 0 -1 0 -1 0 -1 0 -1 -1 0 -1 -1 0 0 -1 -1 -1 -1 -1 -1 -1 -1 0 -1 0 -1 -1 0 -1 -1 -1 -1 -1 0 -1 -1 -1 -1 0 -1 -1 0 -1 -1 -1 -1 -1 0 0 0 0 -1 -1 -1 0 -1 0 -1
-1 -1 -1 -1 -1 -1 -1 0 0 -1 -1 -1 0 -1 -1 -1 -1 -1 0 -1 -1 0 -1 -1 -1 -1 0 -1 0 -1 -1 -1 0 0 -1 -1 -1 0 0 0 -1 -1 0 -1 0 -1 -1 -1 -1 -1 -1 0 -1 -1 -1 -1 -1 -1 0 -1 0 -1 -1 -1 -1 0 -1 -1 0 -1 -1 -1 0 -1 0 -1 0 -1 0 0 -1 -1 -1 -1 0 -1 0 -1 -1 0 0 0 -1 -1 -1 -1 0 -1 0 0 -1 0 -1 0 -1 -1 -1 -1 -1 -1 0 -1 -1 -1 -1 0 -1 0 -1 0 -1 -1 0 -1 0 -1 0 -1 -1 -1 -1 -1 0 -1 0 0 -1 -1 0 -1 0 0 -1 -1 0 -1 -1 0 -1 -1
-1 0 -1 -1 -1 -1 0 0 0 -1 -1 0 0 0 -1 -1 0 -1 -1 -1 -1 0 -1 -1 0 -1 -1 -1 -1 -1 -1 -1 -1 -1 0 -1 -1 -1 0 -1 -1 -1 -1 -1 -1 -1 -1 0 -1 -1 0 -1 0 -1 -1 0 -1 -1 0 -1 -1 0 -1 -1 -1 -1 -1 0 -1 0 -1 -1 -1 -1 0 -1 -1 -1 -1 -1 -1 -1 -1 -1 -1 -1 0 -1 -1 -1 -1 0 0 0 -1 -1 -1 -1 -1 -1 -1 -1 -1 -1 -1 -1 0 0 -1 -1 -1 -1 -1 0 -1 -1 -1 -1 0 -1 0 -1 -1 -1 -1 0 0 0 -1 -1 -1 -1 -1 -1 -1 -1 -1 -1 -1 -1 0 -1 0 -1 -1 -1 -1 0 0 0
0 -1 -1 -1 -1 0 -1 -1 0 0 0 0 -1 -1 -1 -1 -1 0 -1 0 0 0 0 0 0 -1 -1 -1 0 0 -1 -1 -1 -1 -1 0 -1 -1 -1 0 -1 -1 0 -1 -1 -1 0 0 -1 -1 0 0 -1 -1 -1 -1 -1 -1 0 -1 -1 -1 -1 -1 0 -1 -1 -1 -1 -1 -1 -1 -1 0 -1 0 -1 -1 -1 -1 -1 -1 -1 0 -1 -1 -1 0 -1 0 0 -1 0 -1 -1 0 -1 -1 -1 -1 -1 -1 -1 0 0 -1 -1 -1 -1 -1 0 0 -1 -1 -1 -1 -1 -1 0 0 -1 0 0 0 -1 -1 -1 -1 0 -1 -1 -1 0 0 -1 -1 -1 -1 -1 0 -1 0 0 -1 -1 0 -1 -1 0 0
-1 -1 0 0 -1 -1 0 -1 -1 0 -1 0 0 -1 -1 0 0 -1 -1 0 -1 0 -1 0 -1 -1 0 0 -1 0 0 -1 -1 -1 -1 -1 -1 -1 0 -1 -1 -1 -1 -1 -1 -1 -1 -1 0 -1 0 -1 -1 0 -1 -1 -1 0 -1 -1 -1 -1 -1 0 -1 0 -1 -1 0 -1 0 -1 0 -1 -1 -1 -1 0 0 -1 0 0 0 -1 0 -1 -1 -1 -1 -1 0 0 -1 -1 -1 -1 -1 0 -1 0 -1 -1 -1 -1 -1 -1 -1 -1 -1 0 0 -1 -1 0 0 -1 -1 -1 0 -1 -1 -1 -1 0 -1 0 -1 0 0 -1 -1 -1 -1 -1 -1 -1 -1 -1 -1 0 -1 -1 -1 -1 -1 -1 0 -1 0 0
0 0 -1 -1 -1 -1 0 -1 -1 0 -1 -1 0 0 0 0 -1 -1 -1 0 -1 -1 -1 -1 0 -1 -1 -1 -1 -1 -1 0 -1 0 -1 -1 -1 -1 0 -1 -1 0 -1 0 -1 -1 0 -1 0 -1 -1 -1 -1 -1 -1 0 -1 -1 -1 -1 -1 -1 -1 0 0 -1 -1 -1 -1 -1 -1 -1 -1 -1 -1 -1 -1 0 -1 -1 0 -1 0 0 -1 0 0 -1 0 0 -1 -1 -1 -1 -1 -1 -1 -1 -1 -1 0 -1 0 0 0 -1 -1 -1 0 0 -1 0 0 0 -1 -1 -1 -1 -1 -1 0 -1 -1 -1 -1 -1 -1 -1 0 -1 0 0 0 -1 -1 -1 -1 -1 0 0 0 0 0 -1 -1 0 -1 -1 0 -1
-1 -1 -1 -1 0 0 -1 -1 -1 0 -1 0 -1 -1 0 0 -1 0 -1 -1 0 -1 -1 -1 -1 -1 0 -1 -1 -1 0 -1 -1 0 -1 -1 -1 -1 -1 0 -1 -1 -1 0 -1 -1 -1 -1 -1 -1 -1 -1 -1 -1 -1 -1 -1 0 -1 -1 -1 -1 -1 -1 0 0 -1 -1 -1 0 -1 -1 0 -1 0 -1 -1 -1 -1 0 0 0 -1 -1 -1 0 0 -1 0 -1 -1 -1 0 0 -1 -1 -1 -1 -1 -1 -1 0 0 -1 0 -1 0 0 -1 0 -1 -1 -1 0 -1 -1 -1 -1 0 -1 -1 -1 -1 0 0 0 -1 -1 -1 -1 -1 -1 -1 -1 -1 -1 0 -1 -1 -1 -1 -1 -1 -1 0 -1 0 -1 0 0
0 0 0 -1 -1 0 -1 -1 0 -1 -1 0 0 -1 -1 -1 -1 0 -1 -1 -1 -1 -1 -1 -1 0 0 0 -1 0 -1 -1 -1 -1 -1 -1 0 -1 -1 -1 -1 0 -1 -1 -1 -1 -1 -1 0 -1 -1 -1 0 0 0 -1 -1 -1 -1 0 -1 -1 -1 0 -1 0 -1 -1 -1 -1 -1 -1 -1 -1 0 -1 -1 0 -1 -1 -1 0 0 0 -1 -1 -1 -1 -1 0 -1 -1 0 -1 -1 -1 -1 0 -1 0 -1 -1 -1 0 -1 -1 -1 -1 -1 -1 0 -1 -1 -1 0 -1 0 -1 0 -1 -1 -1 -1 -1 -1 0 -1 -1 -1 -1 -1 0 -1 -1 -1 0 0 -1 -1 -1 -1 0 -1 -1 -1 -1 -1 -1 -1 -1
-1 -1 -1 -1 -1 0 -1 -1 -1 -1 0 0 -1 -1 -1 -1 -1 -1 -1 -1 0 -1 0 -1 -1 -1 0 -1 0 -1 -1 0 -1 -1 -1 -1 0 0 0 -1 -1 0 -1 -1 0 0 -1 -1 -1 0 -1 -1 -1 0 -1 -1 0 -1 -1 0 -1 0 -1 -1 -1 -1 -1 -1 -1 -1 0 -1 -1 -1 -1 -1 0 -1 -1 0 -1 -1 -1 -1 -1 0 -1 -1 -1 0 -1 -1 0 -1 -1 -1 0 -1 -1 -1 0 -1 -1 -1 -1 0 -1 0 -1 0 0 0 -1 0 -1 0 -1 -1 -1 -1 -1 -1 -1 -1 -1 -1 -1 -1 -1 -1 0 -1 -1 0 -1 0 -1 -1 -1 -1 -1 -1 0 0 0 0 -1 -1 -1 -1
0 0 -1 0 -1 0 -1 -1 -1 0 -1 -1 -1 0 0 -1 -1 -1 -1 -1 0 -1 -1 -1 -1 -1 -1 0 0 -1 0 -1 -1 -1 -1 0 -1 0 -1 -1 -1 -1 0 -1 0 0 -1 0 0 -1 -1 -1 -1 -1 -1 -1 -1 -1 -1 -1 0 -1 0 -1 0 0 0 0 -1 -1 -1 -1 -1 -1 -1 0 0 0 -1 0 -1 -1 0 -1 0 -1 -1 -1 -1 -1 -1 -1 -1 -1 -1 -1 -1 0 -1 0 -1 -1 0 0 0 0 -1 -1 -1 0 -1 -1 -1 -1 -1 0 -1 -1 -1 -1 -1 -1 -1 -1 -1 -1 -1 -1 -1 -1 -1 -1 -1 -1 0 -1 -1 -1 -1 -1 0 0 -1 0 0 -1 0 -1 -1 0
-1 0 0 -1 -1 -1 0 0 -1 0 -1 -1 -1 -1 0 -1 -1 0 -1 -1 -1 -1 -1 0 -1 -1 -1 0 0 0 0 -1 0 0 0 -1 -1 -1 -1 -1 0 0 0 -1 -1 -1 -1 -1 -1 -1 -1 -1 -1 -1 -1 -1 -1 -1 -1 -1 -1 -1 -1 0 0 -1 -1 -1 -1 0 -1 0 -1 -1 -1 -1 -1 0 -1 0 -1 -1 -1 0 -1 -1 -1 0 -1 -1 0 -1 -1 -1 0 -1 -1 -1 -1 0 -1 -1 -1 -1 -1 -1 0 0 0 -1 0 -1 -1 -1 -1 -1 -1 -1 -1 -1 0 0 0 -1 -1 -1 0 -1 -1 -1 -1 -1 -1 -1 -1 -1 -1 -1 -1 0 -1 -1 -1 -1 -1 0 0 0 0 0
-1 -1 0 -1 -1 -1 0 0 -1 0 -1 0 0 -1 -1 -1 -1 -1 -1 -1 -1 -1 -1 -1 -1 -1 0 -1 -1 -1 0 -1 -1 0 -1 -1 0 -1 -1 -1 -1 -1 -1 -1 -1 -1 0 -1 -1 0 -1 -1 -1 -1 -1 -1 0 -1 -1 -1 -1 -1 -1 -1 -1 -1 -1 0 -1 0 -1 -1 -1 0 -1 -1 -1 0 -1 -1 0 -1 -1 -1 -1 0 -1 -1 0 -1 0 -1 -1 -1 -1 -1 -1 -1 -1 0 -1 -1 -1 0 0 -1 -1 -1 -1 -1 -1 0 -1 -1 -1 0 0 0 -1 -1 -1 -1 -1 -1 -1 -1 -1 0 -1 -1 -1 -1 -1 0 -1 0 0 -1 -1 -1 0 -1 0 -1 -1 -1 -1 -1 -1 0
-1 -1 -1 -1 -1 -1 0 -1 -1 0 -1 -1 -1 -1 -1 -1 0 -1 0 -1 0 -1 -1 -1 -1 -1 -1 0 -1 0 -1 -1 -1 -1 -1 -1 -1 0 0 -1 -1 0 -1 -1 0 -1 -1 -1 -1 -1 0 0 0 0 -1 -1 0 0 -1 -1 0 -1 0 0 -1 0 -1 0 -1 0 -1 -1 -1 -1 0 0 0 0 -1 -1 -1 -1 -1 -1 -1 0 0 0 -1 -1 0 -1 -1 -1 0 -1 0 -1 -1 -1 -1 -1 -1 -1 0 -1 -1 -1 -1 0 -1 -1 -1 0 -1 0 -1 -1 -1 0 0 -1 -1 0 -1 -1 -1 0 -1 0 0 0 -1 -1 0 -1 -1 -1 -1 -1 0 0 -1 -1 -1 0 0 -1 -1 -1
-1 -1 -1 -1 0 -1 -1 -1 -1 0 -1 -1 0 -1 -1 0 -1 -1 0 -1 -1 0 0 -1 -1 -1 -1 0 -1 -1 0 -1 -1 -1 0 -1 -1 -1 -1 0 -1 -1 0 0 0 0 -1 0 -1 0 -1 -1 0 -1 -1 -1 -1 -1 -1 -1 0 0 -1 -1 0 0 -1 -1 -1 -1 -1 -1 -1 -1 -1 -1 -1 -1 -1 0 0 -1 0 -1 -1 -1 -1 -1 -1 0 -1 0 -1 -1 -1 -1 -1 -1 -1 -1 -1 -1 -1 -1 0 -1 -1 0 -1 -1 0 -1 -1 0 -1 0 -1 -1 -1 -1 -1 0 0 0 -1 -1 0 0 0 0 -1 0 -1 -1 -1 -1 -1 -1 -1 -1 0 -1 -1 -1 0 0 -1 -1 0 -1
-1 -1 -1 -1 -1 -1 -1 0 -1 -1 0 -1 -1 0 0 0 -1 0 0 -1 0 0 -1 -1 -1 -1 0 -1 -1 -1 -1 -1 -1 0 -1 -1 -1 0 0 0 0 -1 -1 0 0 -1 -1 -1 -1 0 -1 0 -1 0 0 -1 -1 -1 -1 -1 -1 -1 -1 -1 -1 0 0 0 -1 -1 -1 -1 0 -1 0 -1 0 -1 -1 0 -1 -1 -1 -1 0 0 0 0 0 -1 -1 -1 -1 -1 -1 -1 0 -1 0 -1 -1 0 -1 -1 -1 -1 -1 -1 -1 -1 0 -1 -1 -1 0 -1 -1 -1 0 -1 -1 -1 0 -1 -1 -1 -1 -1 0 -1 -1 0 -1 -1 -1 -1 0 -1 0 -1 -1 -1 -1 -1 -1 0 -1 -1 -1 0
0 -1 -1 -1 -1 -1 -1 -1 0 -1 -1 -1 0 0 -1 -1 -1 -1 0 -1 -1 -1 -1 -1 -1 -1 0 -1 -1 -1 0 -1 -1 -1 0 -1 0 -1 -1 -1 0 -1 0 -1 -1 -1 -1 -1 -1 0 -1 -1 -1 -1 0 -1 -1 0 -1 -1 0 -1 -1 -1 0 -1 -1 -1 0 -1 0 0 -1 0 -1 -1 -1 -1 0 -1 -1 -1 -1 -1 0 -1 -1 0 -1 -1 -1 -1 -1 -1 0 -1 0 0 -1 -1 -1 -1 -1 -1 -1 -1 -1 -1 -1 0 0 -1 -1 0 -1 0 -1 -1 -1 -1 -1 -1 -1 0 0 -1 -1 -1 -1 -1 -1 -1 -1 -1 -1 0 0 -1 0 -1 -1 -1 -1 0 -1 -1 -1 -1 0 0
-1 -1 -1 -1 -1 -1 0 -1 -1 -1 0 -1 -1 -1 0 0 -1 -1 -1 -1 0 0 -1 0 -1 0 0 0 -1 -1 -1 0 0 -1 -1 -1 -1 -1 0 -1 0 0 0 0 -1 -1 -1 -1 0 0 -1 0 0 -1 -1 -1 -1 -1 -1 -1 0 -1 -1 -1 -1 -1 0 0 0 -1 -1 0 -1 0 -1 0 -1 -1 -1 0 -1 0 0 -1 -1 -1 -1 -1 -1 0 -1 0 -1 0 0 -1 -1 -1 -1 -1 0 -1 -1 -1 -1 -1 0 0 -1 0 0 -1 0 -1 -1 -1 -1 -1 -1 -1 0 -1 0 0 0 0 -1 0 -1 -1 -1 -1 -1 -1 -1 -1 -1 0 -1 -1 -1 -1 -1 -1 -1 -1 0 -1 -1 0
-1 0 -1 -1 -1 -1 0 -1 -1 -1 -1 0 -1 -1 0 -1 0 -1 0 0 -1 -1 -1 -1 -1 -1 -1 -1 -1 -1 -1 -1 -1 -1 0 -1 -1 -1 -1 0 -1 -1 0 -1 -1 -1 0 0 -1 -1 0 -1 -1 -1 0 -1 -1 0 0 -1 0 0 -1 -1 0 -1 0 -1 -1 -1 0 -1 0 0 -1 -1 -1 -1 -1 0 -1 -1 -1 -1 0 -1 -1 -1 -1 -1 -1 0 -1 -1 -1 0 -1 -1 -1 -1 -1 0 0 0 -1 0 -1 -1 0 -1 -1 0 0 0 -1 -1 -1 -1 0 -1 -1 0 -1 -1 -1 -1 -1 -1 -1 -1 -1 -1 -1 -1 -1 -1 -1 -1 0 -1 0 -1 -1 0 -1 -1 -1 0 -1 -1
-1 -1 -1 -1 -1 -1 -1 -1 -1 -1 0 -1 0 0 -1 0 0 -1 -1 -1 -1 0 -1 0 -1 -1 -1 0 -1 0 -1 -1 0 -1 -1 -1 -1 -1 -1 -1 -1 0 -1 -1 -1 -1 0 -1 -1 -1 0 0 -1 -1 -1 -1 0 -1 -1 -1 -1 0 0 -1 0 0 -1 -1 0 -1 -1 -1 -1 0 0 -1 -1 0 0 -1 0 0 -1 0 -1 0 0 -1 0 -1 -1 -1 -1 0 0 -1 0 0 0 -1 -1 0 0 0 -1 -1 -1 -1 -1 0 0 0 -1 0 0 0 -1 -1 -1 -1 -1 -1 -1 0 -1 0 -1 -1 -1 -1 -1 -1 0 0 0 0 -1 -1 -1 -1 -1 -1 -1 0 0 -1 0 -1 0 -1
0 0 -1 -1 -1 -1 0 -1 0 0 -1 -1 0 -1 -1 -1 0 -1 -1 -1 0 -1 0 -1 -1 0 -1 -1 0 -1 -1 -1 0 -1 -1 -1 -1 -1 -1 0 -1 -1 0 -1 0 0 0 0 -1 -1 -1 -1 -1 -1 -1 -1 0 0 -1 -1 -1 -1 -1 -1 0 0 0 -1 -1 0 -1 -1 -1 -1 0 -1 0 0 -1 -1 -1 0 -1 -1 -1 -1 0 0 0 0 0 -1 -1 0 0 0 -1 -1 0 -1 0 0 -1 -1 0 -1 0 -1 0 -1 -1 0 0 -1 0 -1 -1 -1 -1 0 0 -1 0 -1 0 -1 -1 0 -1 -1 0 -1 -1 -1 -1 -1 -1 0 -1 -1 0 0 -1 0 0 0 -1 0 -1 -1
-1 0 -1 -1 0 -1 -1 -1 -1 0 -1 0 -1 0 -1 -1 -1 0 -1 -1 -1 -1 -1 -1 -1 -1 -1 -1 -1 -1 -1 0 -1 -1 -1 -1 0 -1 0 -1 0 0 -1 -1 -1 0 -1 -1 0 -1 -1 -1 -1 -1 -1 -1 0 -1 0 0 0 -1 -1 -1 -1 -1 -1 -1 0 -1 0 -1 0 -1 0 0 -1 -1 -1 0 -1 -1 -1 -1 -1 0 -1 -1 0 0 0 0 0 -1 -1 0 -1 -1 -1 0 -1 -1 -1 -1 -1 -1 -1 -1 0 -1 -1 -1 -1 -1 -1 -1 -1 0 -1 -1 -1 -1 -1 -1 0 0 0 -1 -1 0 -1 -1 0 -1 0 -1 -1 -1 0 -1 -1 0 -1 -1 -1 -1 0 -1 -1 -1
-1 -1 -1 -1 0 -1 -1 -1 -1 -1 -1 0 0 -1 -1 -1 -1 0 -1 -1 -1 -1 -1 -1 -1 0 -1 -1 0 -1 -1 -1 -1 0 -1 -1 -1 0 -1 -1 -1 -1 0 -1 -1 -1 -1 0 -1 -1 0 -1 -1 -1 0 -1 -1 -1 0 0 -1 0 -1 0 0 -1 0 -1 -1 -1 -1 -1 -1 -1 0 0 -1 -1 -1 -1 0 0 -1 -1 0 0 -1 0 0 0 -1 -1 0 -1 -1 0 0 0 -1 0 -1 -1 -1 -1 0 0 -1 -1 -1 -1 -1 -1 -1 -1 -1 -1 -1 -1 -1 0 0 -1 -1 0 -1 -1 -1 -1 0 -1 -1 -1 -1 -1 -1 -1 -1 0 -1 0 -1 -1 -1 0 0 -1 -1 0 -1 0
0 0 0 -1 -1 -1 -1 -1 -1 0 -1 -1 0 -1 -1 0 -1 0 0 0 0 -1 0 -1 -1 0 0 -1 -1 0 0 -1 -1 -1 0 -1 -1 -1 0 -1 0 -1 -1 -1 -1 0 -1 -1 -1 0 -1 -1 -1 -1 0 -1 -1 -1 0 -1 -1 -1 -1 0 -1 0 -1 -1 -1 -1 -1 -1 -1 0 -1 -1 -1 0 -1 0 -1 -1 -1 -1 -1 0 0 -1 -1 -1 0 0 0 -1 0 0 -1 -1 0 -1 -1 -1 -1 0 0 -1 0 -1 -1 -1 -1 -1 -1 -1 -1 -1 -1 -1 -1 0 -1 0 -1 -1 -1 -1 -1 -1 -1 0 -1 -1 -1 0 0 0 -1 -1 0 -1 -1 -1 -1 0 -1 -1 -1 0 -1 -1
-1 -1 0 -1 -1 0 0 0 -1 -1 -1 -1 0 -1 -1 -1 -1 -1 0 -1 0 -1 0 0 -1 -1 0 0 0 0 -1 0 -1 -1 -1 -1 -1 -1 -1 0 -1 0 0 -1 0 -1 -1 -1 0 0 0 -1 -1 -1 -1 -1 0 -1 0 -1 -1 -1 0 -1 -1 -1 -1 -1 -1 0 -1 -1 -1 -1 0 0 -1 -1 0 -1 -1 -1 0 0 -1 -1 0 0 -1 -1 -1 -1 -1 0 0 0 -1 -1 -1 -1 -1 -1 0 -1 -1 0 0 0 -1 -1 -1 -1 0 -1 -1 -1 0 0 -1 -1 -1 -1 0 -1 -1 0 0 0 -1 0 -1 0 -1 -1 0 -1 0 -1 0 -1 0 -1 0 -1 -1 -1 -1 -1 -1 0
-1 -1 -1 0 0 -1 -1 -1 -1 0 -1 -1 -1 -1 -1 0 -1 -1 -1 -1 -1 -1 -1 0 0 0 -1 0 0 -1 0 -1 -1 -1 -1 -1 0 -1 -1 -1 0 -1 -1 0 -1 -1 -1 0 0 -1 0 0 -1 0 -1 -1 -1 0 -1 -1 0 -1 0 0 -1 -1 -1 -1 -1 -1 -1 -1 0 0 -1 0 -1 0 -1 -1 -1 -1 -1 -1 0 -1 -1 -1 -1 0 -1 -1 -1 -1 -1 -1 -1 -1 0 -1 -1 -1 0 -1 -1 0 -1 0 -1 0 -1 0 -1 -1 -1 -1 -1 0 -1 -1 0 -1 0 0 0 0 -1 0 -1 0 0 -1 0 0 -1 -1 -1 0 0 -1 -1 -1 -1 -1 0 -1 -1 -1 -1 -1
-1 -1 0 0 0 0 -1 -1 -1 0 -1 -1 0 0 -1 0 0 -1 0 -1 0 0 -1 0 0 -1 0 -1 0 0 -1 0 0 0 -1 -1 -1 -1 0 -1 -1 0 0 0 0 -1 0 -1 0 -1 0 -1 -1 -1 -1 -1 0 -1 -1 -1 0 -1 -1 0 -1 -1 -1 -1 -1 0 -1 -1 -1 0 0 -1 0 -1 -1 -1 -1 -1 -1 0 -1 -1 -1 -1 -1 -1 0 0 0 0 -1 -1 -1 -1 0 0 -1 0 -1 0 -1 -1 0 0 0 0 0 -1 -1 -1 0 -1 -1 -1 -1 -1 0 -1 -1 -1 0 0 -1 0 0 -1 -1 0 -1 -1 -1 0 -1 -1 0 -1 -1 -1 -1 0 -1 0 0 -1 -1 -1
-1 0 0 0 0 -1 -1 -1 -1 0 0 -1 0 0 -1 -1 -1 -1 -1 -1 -1 -1 0 -1 -1 0 -1 -1 0 -1 0 0 -1 0 -1 0 -1 0 -1 -1 0 -1 -1 -1 0 0 -1 0 -1 -1 -1 -1 -1 -1 0 0 0 -1 -1 -1 -1 0 -1 -1 -1 -1 -1 -1 -1 -1 0 -1 0 -1 -1 0 -1 -1 -1 -1 -1 -1 -1 0 -1 0 -1 0 0 -1 -1 0 -1 0 -1 -1 -1 -1 -1 0 -1 0 0 0 -1 -1 -1 0 -1 -1 -1 0 -1 -1 0 -1 0 0 -1 -1 -1 -1 -1 -1 -1 0 -1 -1 -1 -1 -1 -1 -1 -1 -1 -1 0 0 -1 0 -1 0 -1 0 -1 -1 -1 0 0 0
-1 -1 -1 0 -1 0 -1 -1 -1 0 -1 -1 -1 0 -1 0 0 -1 -1 -1 -1 -1 -1 -1 0 -1 -1 -1 -1 -1 -1 -1 0 0 -1 -1 -1 -1 -1 0 -1 -1 0 -1 -1 0 0 0 -1 -1 -1 -1 -1 0 -1 -1 -1 -1 0 -1 -1 0 0 -1 -1 0 -1 -1 -1 0 -1 -1 0 -1 -1 -1 0 -1 -1 -1 0 -1 -1 0 0 0 -1 -1 -1 -1 0 -1 -1 -1 0 -1 -1 -1 -1 0 0 -1 -1 0 -1 -1 0 -1 -1 -1 -1 -1 -1 -1 0 -1 -1 0 -1 -1 0 -1 -1 -1 -1 -1 -1 -1 -1 -1 -1 -1 -1 0 -1 0 -1 -1 -1 -1 0 -1 -1 -1 -1 -1 -1 0 0 -1
-1 0 -1 0 -1 0 -1 -1 -1 -1 0 0 -1 -1 0 -1 0 -1 -1 -1 0 -1 -1 -1 -1 -1 -1 0 -1 -1 0 -1 -1 -1 -1 -1 0 -1 -1 0 -1 0 -1 0 -1 -1 0 -1 -1 -1 -1 0 0 -1 0 0 -1 -1 0 0 -1 -1 -1 -1 -1 -1 -1 0 -1 -1 -1 -1 -1 -1 0 -1 -1 -1 -1 -1 -1 -1 0 -1 -1 -1 -1 -1 -1 0 0 -1 0 -1 -1 -1 -1 0 -1 0 -1 -1 -1 -1 -1 -1 -1 0 0 -1 0 0 -1 0 -1 -1 -1 -1 -1 0 0 0 0 0 -1 -1 -1 -1 -1 -1 -1 -1 0 -1 -1 -1 -1 -1 -1 -1 -1 -1 0 0 -1 0 -1 -1 0 0
-1 -1 -1 -1 -1 -1 -1 -1 -1 0 -1 -1 -1 0 0 0 -1 -1 -1 -1 -1 -1 0 -1 -1 -1 -1 -1 0 -1 -1 0 -1 0 -1 -1 -1 -1 -1 -1 -1 -1 -1 0 -1 -1 0 0 0 -1 0 0 0 -1 0 -1 0 -1 -1 -1 0 -1 -1 0 -1 -1 0 -1 0 -1 0 -1 -1 -1 -1 -1 -1 0 -1 0 -1 -1 -1 -1 -1 0 0 -1 -1 -1 -1 0 -1 -1 -1 -1 0 -1 -1 0 0 -1 -1 -1 -1 -1 -1 -1 -1 -1 -1 -1 0 -1 -1 -1 -1 -1 -1 0 0 -1 -1 0 -1 -1 -1 -1 -1 -1 0 -1 -1 0 -1 -1 -1 -1 -1 -1 -1 -1 -1 0 0 -1 -1 0 -1 -1
-1 -1 -1 0 -1 -1 0 -1 -1 -1 0 -1 0 -1 -1 -1 -1 -1 -1 -1 0 -1 -1 0 0 -1 -1 0 0 -1 -1 -1 -1 -1 -1 -1 -1 -1 0 -1 -1 0 -1 0 0 -1 0 -1 -1 0 -1 0 -1 -1 -1 -1 0 -1 0 -1 -1 -1 -1 -1 -1 -1 -1 0 -1 0 -1 -1 0 -1 -1 -1 -1 -1 -1 -1 0 -1 -1 0 -1 -1 -1 -1 0 0 -1 -1 -1 -1 -1 0 -1 -1 0 -1 -1 0 -1 0 0 0 -1 0 0 -1 0 -1 -1 0 -1 -1 0 -1 -1 0 0 -1 -1 -1 -1 -1 0 0 -1 -1 -1 -1 0 -1 -1 -1 -1 -1 -1 -1 -1 0 -1 -1 -1 -1 0 0 -1 -1
-1 0 -1 -1 -1 -1 -1 -1 -1 -1 0 -1 0 -1 0 -1 -1 -1 0 -1 -1 -1 -1 -1 0 -1 0 0 -1 0 -1 0 0 0 -1 -1 -1 0 0 0 0 -1 0 0 -1 -1 -1 -1 -1 0 -1 0 -1 0 0 0 -1 -1 -1 0 -1 0 -1 0 -1 -1 -1 -1 0 -1 -1 -1 -1 0 -1 -1 -1 -1 0 -1 -1 0 -1 -1 -1 -1 -1 -1 -1 -1 0 0 -1 -1 -1 0 0 -1 0 -1 -1 -1 -1 -1 -1 0 -1 -1 -1 -1 -1 -1 -1 -1 -1 -1 -1 -1 -1 -1 -1 -1 -1 -1 0 -1 -1 -1 -1 -1 -1 -1 -1 -1 0 -1 -1 0 0 0 -1 -1 -1 -1 0 0 0 -1 -1 0
-1 -1 0 -1 -1 -1 -1 -1 -1 -1 -1 -1 -1 0 -1 -1 0 -1 -1 0 0 -1 0 -1 -1 0 0 0 -1 0 -1 -1 0 0 -1 -1 -1 -1 -1 -1 0 -1 -1 -1 -1 0 0 0 0 -1 -1 -1 -1 0 0 -1 -1 -1 -1 -1 -1 0 0 -1 -1 0 -1 0 -1 0 -1 -1 0 0 -1 -1 -1 -1 -1 0 0 -1 -1 0 0 -1 -1 0 -1 -1 -1 -1 -1 0 0 0 -1 -1 -1 -1 0 -1 -1 0 -1 0 0 -1 -1 0 -1 0 -1 0 -1 -1 0 0 0 -1 -1 -1 -1 -1 0 -1 -1 -1 0 -1 -1 0 0 0 -1 -1 -1 -1 0 0 -1 -1 0 0 0 -1 -1 -1 0 -1
-1 -1 -1 -1 0 -1 0 -1 0 0 -1 -1 -1 -1 -1 0 -1 -1 -1 -1 -1 -1 -1 -1 -1 0 -1 -1 -1 -1 0 -1 0 -1 -1 -1 -1 -1 0 -1 -1 0 0 -1 -1 0 -1 -1 -1 -1 -1 0 -1 -1 -1 -1 0 0 -1 -1 0 -1 -1 0 0 -1 -1 0 -1 -1 -1 -1 -1 -1 -1 0 0 0 -1 -1 -1 0 -1 -1 -1 -1 -1 0 -1 0 -1 -1 0 -1 -1 -1 0 -1 -1 0 -1 -1 0 -1 0 -1 -1 -1 0 -1 -1 -1 -1 0 -1 -1 -1 -1 -1 -1 -1 -1 0 -1 -1 -1 -1 -1 0 -1 -1 0 -1 -1 -1 -1 -1 0 0 -1 -1 -1 -1 0 -1 -1 -1 0 -1 0
0 -1 0 -1 -1 0 -1 -1 -1 0 -1 -1 -1 -1 0 -1 -1 -1 -1 0 -1 -1 -1 -1 -1 0 0 0 0 -1 0 0 -1 -1 -1 -1 -1 -1 0 -1 0 0 0 -1 -1 -1 -1 -1 -1 -1 -1 -1 0 -1 0 -1 0 -1 -1 -1 0 -1 -1 -1 -1 -1 -1 -1 0 0 0 0 -1 0 -1 -1 -1 -1 -1 0 -1 -1 0 -1 -1 0 -1 0 -1 -1 0 -1 -1 -1 -1 -1 -1 0 0 -1 -1 0 -1 -1 -1 -1 0 0 -1 -1 0 -1 0 -1 -1 -1 0 0 0 0 0 0 -1 -1 0 0 -1 -1 -1 -1 -1 -1 -1 -1 0 0 0 0 -1 -1 -1 -1 -1 0 0 0 0 -1 -1 0
0 0 -1 -1 -1 0 0 0 -1 -1 0 -1 -1 -1 0 -1 -1 -1 -1 0 -1 -1 -1 -1 -1 -1 -1 0 -1 -1 0 0 -1 0 0 -1 -1 -1 -1 -1 -1 -1 0 0 -1 -1 -1 -1 0 0 -1 -1 -1 -1 -1 0 -1 -1 -1 -1 -1 -1 0 -1 -1 -1 -1 -1 -1 -1 -1 -1 0 -1 -1 0 0 0 -1 0 0 0 -1 -1 -1 0 -1 -1 -1 -1 0 -1 0 -1 -1 0 -1 -1 0 -1 -1 -1 0 -1 0 0 -1 0 -1 -1 0 0 -1 -1 0 -1 -1 0 -1 -1 0 -1 -1 -1 0 -1 -1 -1 0 -1 0 -1 -1 -1 0 -1 -1 0 0 -1 -1 -1 0 -1 -1 0 -1 0 0 0
0 -1 -1 -1 -1 -1 -1 -1 -1 0 -1 0 -1 -1 0 -1 -1 -1 -1 -1 -1 -1 0 -1 -1 -1 0 -1 0 0 0 -1 -1 -1 -1 0 -1 -1 -1 0 -1 0 -1 0 -1 -1 -1 -1 -1 0 0 -1 -1 -1 -1 -1 -1 -1 -1 0 -1 -1 -1 -1 -1 -1 0 -1 0 -1 -1 -1 0 -1 0 -1 -1 -1 -1 -1 -1 0 0 -1 -1 -1 -1 -1 -1 -1 -1 -1 -1 -1 0 -1 0 -1 -1 -1 -1 0 -1 -1 -1 -1 -1 -1 -1 -1 0 0 -1 -1 -1 -1 0 -1 -1 -1 0 0 -1 0 0 -1 -1 0 0 -1 -1 -1 -1 -1 0 0 0 -1 -1 -1 -1 -1 -1 -1 -1 0 -1 -1 -1 0
-1 -1 0 -1 -1 -1 -1 0 0 -1 -1 -1 -1 -1 -1 -1 -1 -1 -1 -1 -1 0 -1 -1 -1 -1 0 -1 -1 0 -1 -1 -1 0 0 -1 -1 -1 -1 -1 -1 -1 0 0 -1 -1 0 0 -1 0 -1 -1 -1 -1 -1 -1 0 0 -1 0 -1 -1 -1 0 -1 -1 0 -1 -1 -1 -1 -1 0 -1 -1 0 0 -1 -1 -1 0 -1 -1 -1 -1 -1 -1 -1 -1 0 -1 -1 -1 -1 -1 -1 -1 0 -1 -1 -1 -1 -1 -1 -1 -1 -1 0 -1 -1 -1 -1 -1 0 -1 -1 -1 0 -1 -1 -1 0 0 -1 -1 -1 -1 -1 -1 -1 0 -1 -1 -1 -1 0 -1 -1 -1 -1 -1 -1 -1 -1 -1 -1 0 -1 -1 0
0 0 -1 0 -1 -1 -1 0 -1 0 -1 -1 -1 0 -1 -1 -1 -1 -1 -1 0 -1 0 -1 -1 -1 -1 -1 0 -1 0 -1 -1 0 0 0 -1 0 0 -1 -1 -1 -1 -1 -1 0 0 -1 -1 0 0 -1 -1 -1 -1 -1 -1 0 -1 0 -1 -1 0 -1 -1 -1 0 -1 0 -1 0 -1 0 -1 -1 -1 0 -1 0 0 -1 -1 -1 -1 -1 0 -1 -1 0 -1 0 -1 -1 -1 0 0 0 0 -1 -1 0 0 0 -1 0 -1 -1 -1 -1 -1 -1 -1 -1 0 -1 -1 0 -1 -1 -1 -1 0 -1 0 -1 0 -1 -1 -1 -1 -1 -1 0 -1 0 0 -1 -1 0 0 -1 -1 0 -1 -1 0 -1 -1 0 -1
-1 -1 -1 -1 0 -1 -1 0 -1 -1 0 -1 0 0 -1 -1 0 0 0 0 0 -1 0 -1 -1 -1 -1 -1 -1 -1 0 -1 -1 -1 0 0 0 -1 0 0 -1 0 -1 -1 -1 -1 0 -1 -1 0 -1 -1 0 -1 -1 -1 -1 -1 -1 -1 -1 0 -1 -1 -1 -1 -1 0 0 0 -1 -1 -1 -1 -1 -1 -1 -1 -1 0 0 -1 -1 -1 -1 -1 -1 -1 -1 -1 0 -1 0 -1 -1 0 -1 0 -1 0 0 -1 0 -1 -1 0 0 -1 0 -1 -1 -1 -1 -1 -1 -1 -1 0 -1 -1 0 -1 -1 0 -1 -1 -1 0 -1 0 0 -1 0 -1 -1 -1 0 0 0 -1 -1 -1 -1 -1 -1 -1 -1 -1 -1 -1
0 -1 0 0 -1 -1 -1 0 -1 -1 -1 -1 -1 0 -1 -1 -1 0 0 -1 -1 -1 0 -1 -1 0 -1 0 0 -1 -1 0 -1 -1 -1 -1 -1 0 -1 -1 -1 -1 -1 -1 -1 0 -1 0 0 -1 0 -1 0 -1 0 -1 -1 -1 -1 0 -1 -1 -1 -1 0 -1 -1 -1 -1 -1 -1 -1 0 -1 0 -1 -1 -1 -1 -1 -1 0 -1 0 -1 0 -1 -1 -1 -1 -1 -1 -1 -1 -1 0 -1 -1 -1 -1 0 -1 0 0 -1 -1 0 -1 -1 -1 -1 -1 -1 -1 -1 0 -1 0 0 0 -1 -1 -1 -1 -1 -1 0 -1 0 0 -1 -1 -1 -1 0 0 0 -1 0 0 -1 0 0 -1 -1 -1 0 -1 -1 -1
-1 -1 0 -1 0 0 -1 -1 -1 -1 0 0 0 0 -1 0 0 -1 -1 0 -1 -1 -1 -1 -1 -1 -1 0 -1 -1 0 -1 -1 0 -1 -1 -1 0 -1 -1 0 -1 -1 -1 -1 0 0 -1 -1 0 -1 -1 -1 0 -1 0 -1 -1 -1 -1 -1 0 0 -1 -1 -1 -1 -1 -1 -1 -1 -1 -1 -1 -1 -1 0 0 -1 -1 0 -1 -1 -1 0 -1 -1 -1 -1 -1 0 0 -1 -1 0 -1 0 -1 -1 -1 -1 -1 0 -1 -1 -1 -1 -1 0 -1 -1 -1 -1 -1 0 0 -1 -1 0 -1 -1 -1 -1 -1 -1 -1 -1 0 0 -1 -1 -1 -1 -1 0 -1 -1 -1 -1 -1 0 0 0 -1 0 -1 0 -1 0 0
-1 -1 -1 -1 0 -1 -1 0 -1 -1 0 -1 0 -1 -1 -1 -1 0 -1 -1 0 -1 -1 -1 -1 -1 -1 0 -1 -1 -1 -1 0 -1 -1 -1 -1 -1 -1 -1 0 -1 -1 0 -1 -1 -1 -1 -1 0 -1 -1 -1 0 0 0 0 -1 0 -1 -1 -1 -1 -1 -1 -1 0 -1 0 0 -1 0 -1 -1 -1 -1 0 0 0 -1 0 -1 -1 -1 0 0 -1 -1 -1 -1 -1 -1 -1 -1 -1 -1 -1 -1 -1 -1 0 -1 0 0 0 -1 -1 0 -1 -1 -1 0 -1 -1 0 -1 0 -1 -1 0 -1 -1 -1 0 0 -1 -1 -1 -1 -1 -1 -1 -1 -1 -1 -1 -1 -1 -1 -1 -1 -1 -1 -1 -1 -1 -1 -1 0 -1
-1 -1 0 -1 -1 -1 0 -1 0 -1 0 -1 0 -1 -1 -1 -1 -1 -1 0 -1 -1 -1 -1 -1 0 -1 -1 0 -1 0 -1 -1 -1 -1 0 0 -1 0 -1 -1 0 -1 -1 -1 -1 0 -1 0 -1 -1 -1 -1 0 -1 -1 -1 0 -1 0 0 -1 -1 -1 0 0 0 0 -1 -1 -1 0 -1 -1 -1 -1 0 -1 -1 -1 0 0 0 -1 -1 -1 -1 -1 -1 -1 -1 -1 0 0 -1 -1 0 0 0 -1 -1 -1 -1 0 -1 -1 -1 -1 0 -1 0 0 0 -1 0 -1 -1 -1 0 -1 0 0 -1 -1 -1 -1 -1 -1 0 -1 -1 0 -1 -1 0 0 -1 0 0 0 -1 0 -1 -1 -1 -1 0 0 -1 -1
-1 -1 -1 0 -1 -1 -1 -1 -1 -1 -1 -1 -1 0 -1 0 -1 -1 -1 0 0 0 -1 -1 0 -1 -1 -1 -1 0 -1 -1 -1 -1 -1 -1 -1 -1 -1 -1 0 -1 0 -1 -1 0 -1 -1 -1 -1 -1 -1 0 -1 0 -1 -1 -1 -1 0 -1 -1 0 -1 -1 0 -1 -1 -1 0 0 -1 0 -1 0 0 -1 -1 -1 -1 -1 -1 0 -1 -1 0 0 -1 -1 0 0 0 0 -1 -1 0 0 -1 -1 -1 -1 -1 -1 -1 -1 0 -1 0 -1 -1 0 -1 -1 -1 -1 -1 -1 0 -1 -1 -1 0 0 0 -1 0 -1 -1 -1 -1 -1 -1 -1 0 0 -1 -1 0 0 -1 0 0 -1 -1 -1 -1 -1 -1 -1 -1
-1 -1 0 -1 -1 -1 -1 -1 0 -1 -1 -1 -1 -1 -1 0 -1 0 0 -1 -1 0 0 -1 0 -1 -1 0 -1 -1 -1 -1 -1 -1 -1 -1 -1 -1 0 -1 -1 -1 0 0 -1 0 -1 -1 -1 -1 -1 -1 0 -1 -1 0 -1 -1 0 -1 -1 0 0 0 -1 0 0 -1 0 0 -1 -1 -1 0 -1 -1 0 0 -1 -1 -1 -1 0 -1 -1 -1 0 -1 -1 -1 -1 -1 -1 0 -1 -1 -1 -1 -1 0 -1 0 -1 -1 -1 -1 -1 -1 -1 -1 -1 -1 -1 -1 -1 -1 0 0 -1 -1 0 0 -1 -1 0 -1 0 -1 -1 -1 0 -1 0 0 0 0 -1 0 0 -1 0 -1 -1 0 -1 -1 0 -1 -1 -1
0 -1 -1 -1 -1 0 -1 0 0 -1 -1 -1 0 0 -1 -1 -1 -1 0 0 -1 0 -1 -1 -1 -1 0 -1 0 -1 -1 -1 -1 -1 -1 0 -1 -1 0 0 0 0 -1 -1 -1 0 -1 -1 0 -1 -1 0 -1 0 -1 -1 -1 0 -1 -1 -1 -1 -1 -1 -1 -1 -1 -1 -1 -1 -1 -1 -1 -1 -1 -1 -1 -1 -1 -1 0 -1 -1 -1 0 -1 0 -1 -1 0 -1 -1 0 -1 -1 -1 0 -1 -1 0 0 0 -1 0 -1 -1 -1 0 -1 0 -1 -1 -1 0 0 -1 -1 0 -1 0 -1 -1 -1 -1 0 -1 0 -1 0 0 -1 -1 0 -1 -1 -1 -1 -1 -1 0 -1 0 -1 -1 -1 -1 0 -1 -1 -1
-1 -1 0 0 0 0 0 -1 -1 -1 -1 -1 -1 -1 -1 0 0 0 -1 -1 -1 -1 -1 -1 -1 0 0 -1 0 -1 -1 -1 0 -1 -1 0 -1 -1 0 -1 -1 -1 0 -1 0 0 0 0 -1 0 -1 -1 0 -1 0 -1 -1 -1 -1 -1 0 -1 -1 0 -1 -1 -1 0 -1 -1 -1 0 -1 0 -1 -1 -1 -1 -1 0 -1 0 -1 -1 -1 -1 0 -1 -1 -1 -1 -1 -1 -1 -1 -1 -1 -1 -1 0 0 0 -1 0 -1 -1 -1 -1 0 -1 -1 -1 0 0 0 -1 -1 -1 -1 -1 -1 -1 -1 0 -1 -1 0 -1 -1 -1 -1 -1 0 -1 -1 0 -1 0 -1 -1 -1 -1 -1 0 0 -1 -1 -1 -1 0
-1 -1 0 -1 -1 0 -1 -1 0 -1 -1 0 -1 -1 -1 -1 -1 -1 0 -1 -1 -1 -1 0 -1 -1 -1 -1 -1 -1 -1 -1 0 0 -1 -1 -1 -1 -1 -1 -1 -1 -1 -1 -1 0 0 -1 0 -1 -1 -1 0 0 -1 -1 0 -1 -1 0 -1 0 -1 -1 -1 -1 -1 -1 -1 -1 -1 -1 0 -1 -1 0 -1 0 -1 -1 -1 -1 0 0 0 -1 0 0 0 -1 0 -1 0 -1 0 -1 -1 -1 -1 0 -1 -1 -1 -1 -1 -1 -1 0 -1 0 -1 -1 -1 -1 -1 -1 -1 -1 -1 0 -1 -1 0 0 0 -1 -1 -1 0 -1 0 0 0 -1 -1 0 -1 -1 -1 -1 -1 -1 -1 -1 0 -1 -1 0 -1 -1
-1 -1 -1 -1 -1 -1 -1 -1 -1 -1 -1 0 -1 0 0 -1 -1 -1 0 -1 -1 -1 -1 -1 0 0 -1 -1 -1 0 0 0 0 -1 -1 -1 -1 -1 -1 0 -1 -1 -1 -1 0 -1 -1 -1 -1 0 -1 -1 -1 -1 -1 -1 -1 0 -1 -1 0 -1 0 -1 -1 -1 -1 -1 -1 -1 -1 0 0 -1 -1 -1 -1 -1 -1 -1 -1 -1 -1 0 0 -1 0 -1 -1 -1 -1 0 -1 -1 -1 -1 -1 0 -1 -1 -1 -1 -1 -1 -1 -1 0 0 -1 -1 0 0 0 -1 -1 -1 -1 -1 -1 -1 0 -1 -1 -1 0 -1 -1 -1 0 -1 -1 -1 -1 0 0 -1 0 0 -1 -1 -1 0 -1 -1 0 -1 -1 -1 0 0
-1 -1 -1 0 -1 0 0 -1 -1 0 -1 0 -1 0 -1 -1 -1 -1 0 -1 -1 -1 -1 -1 -1 -1 0 -1 -1 -1 -1 -1 -1 -1 -1 -1 0 -1 -1 -1 -1 0 -1 0 0 0 -1 0 -1 -1 -1 -1 -1 -1 0 -1 -1 0 0 -1 -1 -1 -1 -1 -1 -1 -1 0 -1 -1 -1 -1 -1 -1 -1 0 -1 -1 0 0 -1 -1 -1 -1 0 -1 -1 -1 -1 -1 0 -1 0 -1 -1 -1 -1 0 -1 -1 -1 0 -1 -1 -1 -1 -1 -1 -1 0 0 -1 0 0 -1 -1 0 -1 0 -1 -1 -1 -1 0 -1 -1 -1 -1 -1 -1 0 -1 0 -1 -1 0 -1 -1 -1 0 -1 -1 -1 -1 -1 -1 0 0 -1 -1
0 -1 0 -1 0 -1 -1 -1 -1 -1 -1 -1 -1 -1 -1 0 -1 -1 -1 -1 -1 -1 -1 -1 -1 -1 -1 -1 0 -1 -1 -1 -1 0 0 -1 0 -1 -1 0 -1 0 0 0 0 -1 -1 -1 0 -1 0 -1 -1 -1 -1 -1 -1 -1 0 -1 -1 0 -1 -1 -1 -1 0 -1 0 -1 0 -1 0 -1 -1 0 -1 0 -1 -1 -1 0 -1 -1 0 -1 -1 -1 0 -1 -1 -1 -1 0 0 -1 -1 0 -1 -1 0 0 -1 -1 0 0 0 0 -1 -1 -1 -1 -1 0 -1 0 -1 0 0 0 -1 0 -1 -1 -1 -1 -1 0 -1 -1 -1 -1 -1 -1 -1 -1 -1 -1 0 0 -1 -1 0 -1 0 -1 0 -1 -1 -1
-1 0 0 0 -1 -1 -1 0 -1 0 0 -1 -1 0 -1 -1 -1 -1 -1 -1 -1 -1 -1 -1 -1 -1 -1 -1 0 0 0 -1 -1 -1 -1 -1 -1 0 -1 -1 -1 -1 -1 -1 0 0 -1 -1 0 -1 -1 0 0 -1 -1 -1 -1 0 -1 -1 -1 -1 -1 -1 -1 0 -1 -1 0 0 -1 -1 -1 -1 -1 -1 -1 -1 -1 0 -1 0 -1 -1 -1 -1 -1 0 -1 -1 -1 0 0 -1 0 -1 -1 -1 -1 -1 -1 -1 -1 -1 0 0 0 -1 0 0 -1 0 -1 0 -1 0 0 0 -1 -1 0 -1 -1 -1 -1 0 -1 -1 0 -1 -1 -1 -1 -1 0 0 -1 -1 -1 -1 -1 -1 0 -1 0 0 -1 -1 -1 -1
-1 -1 -1 -1 -1 0 -1 -1 0 -1 -1 -1 -1 0 0 -1 0 0 -1 0 -1 -1 -1 -1 -1 -1 -1 0 -1 -1 0 -1 -1 -1 0 0 0 -1 -1 0 -1 -1 -1 -1 0 -1 -1 0 -1 -1 -1 -1 -1 0 -1 -1 0 -1 0 -1 -1 -1 -1 0 0 -1 -1 -1 0 0 -1 -1 -1 -1 -1 -1 -1 -1 0 0 -1 -1 0 -1 0 0 -1 0 -1 -1 -1 -1 0 0 -1 0 -1 -1 -1 -1 -1 -1 -1 -1 0 -1 0 -1 0 -1 0 -1 0 -1 -1 -1 -1 -1 -1 -1 -1 -1 -1 -1 -1 -1 0 -1 0 0 -1 -1 0 -1 -1 0 0 -1 -1 0 -1 -1 -1 0 -1 -1 -1 0 -1 0
0 -1 -1 0 -1 -1 -1 0 -1 0 0 -1 -1 -1 -1 -1 -1 -1 -1 0 -1 0 -1 -1 -1 0 -1 0 0 -1 0 0 -1 -1 -1 0 -1 -1 -1 0 -1 -1 -1 -1 -1 0 -1 0 -1 0 -1 0 -1 0 -1 -1 0 0 -1 0 -1 -1 0 -1 -1 -1 0 -1 -1 0 0 -1 -1 -1 -1 -1 -1 -1 -1 -1 -1 0 0 -1 -1 -1 0 0 -1 0 0 -1 -1 -1 -1 -1 -1 0 0 0 -1 -1 0 0 -1 0 0 -1 -1 -1 -1 0 -1 0 -1 -1 -1 -1 -1 0 -1 -1 -1 0 -1 0 -1 -1 -1 -1 -1 -1 -1 0 -1 -1 -1 -1 -1 0 0 -1 0 -1 0 -1 0 0 0 -1
-1 -1 0 -1 -1 -1 -1 -1 -1 -1 -1 0 -1 -1 -1 -1 -1 -1 -1 0 -1 -1 -1 -1 0 -1 0 -1 -1 0 -1 0 0 -1 -1 -1 -1 -1 -1 -1 -1 0 -1 -1 -1 -1 0 0 -1 -1 0 0 -1 -1 -1 -1 0 -1 0 0 -1 -1 0 -1 -1 0 0 -1 0 0 -1 0 0 -1 0 -1 -1 -1 0 0 0 -1 -1 -1 0 -1 0 -1 -1 0 -1 -1 0 -1 -1 -1 -1 -1 -1 -1 -1 -1 0 -1 0 0 0 -1 -1 -1 0 0 -1 -1 -1 -1 0 -1 -1 -1 0 0 -1 -1 0 -1 -1 -1 -1 -1 -1 0 0 -1 0 -1 -1 -1 -1 0 -1 -1 -1 -1 -1 -1 -1 -1 0 -1
-1 0 -1 -1 -1 -1 -1 -1 -1 0 0 0 0 -1 0 0 -1 -1 -1 0 0 0 -1 -1 -1 -1 -1 -1 0 -1 -1 -1 -1 0 -1 -1 0 -1 0 -1 -1 0 -1 -1 0 0 -1 -1 -1 -1 -1 0 -1 0 -1 0 -1 -1 -1 -1 -1 -1 -1 -1 -1 -1 -1 0 -1 -1 -1 -1 -1 -1 -1 0 0 -1 -1 -1 0 -1 -1 -1 0 -1 -1 -1 -1 -1 0 -1 -1 -1 0 -1 -1 0 0 -1 -1 0 0 -1 -1 -1 -1 -1 0 -1 -1 0 -1 0 -1 -1 -1 0 -1 0 -1 -1 -1 -1 -1 -1 0 -1 0 -1 -1 -1 -1 0 -1 0 -1 0 -1 -1 -1 -1 -1 -1 -1 -1 -1 -1 -1 -1
-1 -1 -1 0 -1 0 -1 -1 0 -1 0 -1 -1 -1 0 0 -1 -1 -1 -1 0 -1 -1 -1 -1 0 -1 0 -1 0 0 0 -1 0 -1 -1 -1 0 -1 -1 0 -1 -1 0 -1 -1 0 0 -1 0 -1 -1 -1 -1 -1 0 -1 0 0 -1 -1 0 0 -1 0 -1 0 -1 -1 0 -1 -1 -1 0 -1 -1 0 -1 -1 -1 -1 -1 -1 0 -1 -1 -1 -1 -1 -1 -1 0 -1 0 -1 -1 -1 -1 -1 0 -1 0 -1 0 -1 -1 -1 -1 -1 -1 -1 -1 -1 -1 0 -1 -1 -1 -1 -1 0 -1 -1 -1 -1 0 -1 -1 -1 -1 0 0 0 -1 -1 0 -1 -1 0 0 -1 0 -1 -1 -1 -1 -1 -1 0 -1
-1 -1 -1 -1 -1 -1 -1 -1 -1 -1 -1 -1 -1 -1 0 -1 -1 -1 -1 -1 -1 -1 -1 -1 -1 -1 -1 0 0 0 -1 -1 -1 0 -1 -1 -1 0 -1 0 -1 -1 -1 0 -1 -1 -1 -1 0 -1 -1 0 -1 -1 0 0 0 -1 -1 0 -1 -1 -1 -1 -1 0 0 -1 0 -1 0 -1 -1 0 -1 -1 0 -1 0 -1 -1 0 -1 -1 -1 -1 0 0 -1 -1 0 -1 0 -1 -1 -1 -1 -1 -1 -1 0 0 -1 -1 -1 -1 -1 0 -1 -1 -1 0 0 -1 0 -1 -1 -1 0 -1 -1 -1 0 0 -1 -1 -1 -1 0 0 -1 -1 -1 -1 -1 -1 -1 0 0 0 -1 0 -1 -1 0 -1 -1 0 -1 -1
0 -1 -1 -1 -1 -1 -1 -1 -1 -1 -1 -1 -1 -1 -1 -1 -1 -1 0 0 -1 -1 -1 -1 0 -1 0 -1 -1 -1 -1 0 -1 0 -1 -1 -1 -1 -1 -1 -1 -1 -1 0 -1 -1 -1 0 0 -1 -1 -1 -1 -1 -1 -1 -1 -1 0 -1 -1 -1 -1 -1 0 -1 -1 -1 -1 0 0 0 0 -1 -1 -1 -1 -1 0 0 -1 -1 0 -1 -1 -1 -1 -1 -1 0 0 -1 -1 -1 -1 -1 -1 -1 -1 0 -1 -1 -1 -1 -1 0 -1 0 -1 -1 -1 -1 0 -1 -1 -1 0 -1 -1 0 0 0 0 -1 -1 -1 -1 0 0 -1 0 0 -1 0 0 -1 0 0 -1 0 -1 0 -1 -1 -1 0 -1 -1 -1 0
-1 -1 -1 0 -1 -1 0 -1 -1 0 -1 0 -1 0 -1 -1 -1 -1 -1 -1 -1 -1 -1 0 -1 0 -1 -1 -1 0 0 -1 -1 -1 0 -1 0 -1 -1 -1 -1 0 -1 -1 0 -1 -1 -1 -1 -1 -1 0 -1 -1 -1 0 -1 0 -1 -1 -1 0 0 -1 -1 -1 -1 -1 -1 -1 -1 -1 -1 -1 -1 -1 -1 -1 -1 -1 -1 -1 0 -1 -1 -1 -1 0 -1 -1 -1 -1 0 -1 0 -1 -1 -1 -1 0 0 -1 -1 0 -1 -1 -1 0 -1 -1 -1 0 -1 0 -1 -1 0 -1 0 -1 0 -1 -1 -1 0 -1 -1 -1 0 -1 0 -1 -1 0 -1 0 -1 -1 -1 0 -1 0 -1 -1 0 -1 -1 -1 0 -1
0 -1 -1 -1 -1 0 -1 0 -1 -1 0 0 0 -1 -1 -1 -1 -1 0 -1 -1 0 0 0 -1 -1 -1 -1 -1 0 -1 -1 -1 0 -1 0 0 -1 -1 0 -1 0 -1 -1 0 -1 -1 0 -1 -1 -1 -1 -1 -1 0 0 0 0 0 0 -1 -1 0 -1 -1 0 0 -1 0 -1 -1 -1 -1 -1 -1 -1 0 -1 0 -1 -1 -1 -1 -1 0 -1 0 -1 -1 -1 -1 0 -1 -1 -1 -1 -1 -1 0 -1 -1 -1 -1 -1 -1 0 -1 -1 0 -1 -1 -1 -1 -1 0 -1 0 -1 -1 -1 -1 0 -1 0 -1 -1 -1 -1 -1 -1 -1 -1 -1 0 0 0 0 0 -1 -1 -1 0 0 0 -1 -1 -1 0 -1 -1
-1 -1 -1 -1 -1 -1 0 -1 -1 -1 0 -1 -1 -1 -1 -1 -1 -1 -1 -1 0 -1 -1 -1 -1 -1 0 -1 -1 -1 -1 0 -1 -1 -1 -1 -1 -1 -1 -1 -1 -1 -1 0 -1 -1 -1 -1 0 -1 -1 -1 -1 -1 0 -1 -1 -1 -1 0 -1 -1 -1 -1 -1 -1 -1 -1 0 -1 -1 0 -1 0 0 0 0 -1 -1 0 -1 0 -1 -1 -1 -1 -1 0 0 0 -1 -1 0 -1 0 -1 -1 -1 -1 -1 -1 -1 0 0 -1 -1 -1 -1 0 -1 0 -1 -1 0 -1 -1 -1 0 -1 -1 0 -1 0 -1 0 -1 0 -1 -1 0 -1 -1 0 -1 -1 0 0 -1 -1 -1 -1 -1 -1 -1 -1 -1 -1 -1 -1 -1
-1 -1 -1 -1 0 -1 -1 -1 -1 -1 0 -1 -1 -1 -1 -1 0 0 0 -1 0 -1 0 -1 0 -1 0 -1 0 0 0 -1 -1 -1 -1 0 0 -1 -1 -1 -1 -1 -1 -1 -1 -1 -1 -1 0 0 -1 0 0 -1 0 -1 -1 -1 -1 -1 -1 0 -1 0 -1 -1 -1 0 -1 -1 0 0 -1 -1 -1 -1 0 0 0 -1 -1 -1 0 -1 -1 -1 0 -1 -1 -1 -1 -1 -1 -1 -1 -1 0 -1 -1 -1 -1 -1 -1 -1 -1 -1 0 -1 0 -1 -1 -1 -1 -1 -1 0 0 0 -1 0 -1 -1 -1 -1 0 -1 -1 -1 0 -1 -1 -1 -1 0 0 0 0 -1 0 -1 -1 0 0 0 -1 -1 -1 0 -1 -1
0 -1 0 -1 0 -1 -1 0 -1 -1 -1 -1 -1 0 0 -1 -1 -1 -1 -1 -1 -1 -1 0 -1 -1 0 0 -1 -1 -1 -1 -1 0 -1 -1 -1 -1 0 -1 -1 0 -1 -1 0 -1 -1 0 0 0 0 -1 -1 -1 -1 0 -1 -1 -1 -1 -1 -1 -1 -1 -1 -1 0 -1 -1 -1 0 0 -1 -1 -1 0 0 -1 -1 -1 0 -1 -1 -1 0 -1 -1 -1 -1 0 -1 -1 -1 0 0 -1 -1 -1 -1 -1 -1 0 -1 -1 0 0 -1 -1 -1 -1 0 -1 0 -1 -1 -1 -1 0 0 0 0 -1 -1 -1 -1 0 -1 0 0 -1 0 -1 0 0 -1 -1 -1 -1 -1 -1 0 -1 -1 -1 -1 -1 -1 0 -1 0
-1 -1 -1 -1 -1 -1 0 -1 -1 -1 -1 -1 -1 -1 -1 -1 0 -1 -1 0 -1 0 0 0 -1 0 -1 0 0 0 -1 -1 0 -1 -1 -1 -1 -1 -1 -1 -1 0 0 0 0 0 -1 0 -1 -1 0 -1 -1 -1 0 -1 -1 0 -1 0 -1 0 -1 -1 -1 -1 -1 -1 0 -1 0 -1 -1 0 -1 0 -1 -1 -1 -1 -1 -1 -1 -1 0 -1 -1 -1 -1 -1 0 0 -1 0 -1 0 -1 -1 -1 -1 0 0 -1 -1 -1 0 -1 -1 0 -1 -1 0 -1 -1 0 -1 -1 -1 -1 0 -1 -1 -1 -1 0 0 -1 -1 -1 -1 -1 -1 -1 -1 -1 -1 -1 -1 -1 -1 0 -1 0 -1 -1 0 -1 -1 0 0
-1 -1 0 -1 -1 -1 0 -1 -1 -1 -1 -1 -1 -1 -1 -1 -1 -1 0 -1 -1 0 -1 -1 -1 -1 0 -1 -1 0 -1 -1 0 -1 0 0 -1 -1 -1 0 -1 -1 -1 -1 -1 0 -1 -1 -1 0 -1 0 0 -1 0 -1 0 -1 -1 -1 -1 0 0 0 -1 -1 -1 -1 -1 -1 -1 0 -1 0 0 -1 -1 -1 -1 0 -1 -1 -1 -1 -1 0 -1 -1 -1 -1 -1 -1 -1 -1 -1 -1 -1 -1 0 -1 0 -1 0 0 0 -1 -1 -1 -1 -1 -1 0 -1 -1 0 -1 -1 -1 -1 -1 -1 -1 -1 -1 -1 -1 -1 -1 -1 -1 -1 -1 -1 0 -1 -1 0 0 -1 -1 -1 -1 -1 -1 -1 0 0 -1 -1 0
0 0 0 -1 -1 -1 -1 0 -1 0 0 -1 -1 0 -1 0 -1 -1 0 -1 0 0 0 0 0 -1 0 0 0 -1 -1 -1 -1 -1 -1 -1 -1 -1 -1 0 -1 0 0 -1 -1 -1 -1 -1 0 0 0 0 0 -1 -1 -1 -1 -1 -1 0 -1 -1 0 0 -1 -1 0 -1 -1 -1 -1 -1 0 -1 -1 0 -1 -1 0 0 0 -1 0 -1 -1 0 -1 0 -1 -1 -1 -1 -1 0 -1 -1 -1 -1 0 -1 -1 -1 -1 -1 -1 -1 -1 -1 -1 -1 0 -1 -1 -1 0 -1 -1 -1 -1 -1 0 -1 -1 0 -1 -1 -1 -1 -1 -1 -1 -1 -1 -1 -1 -1 -1 -1 -1 -1 0 -1 -1 -1 0 -1 0 -1 -1 -1
-1 -1 0 -1 0 0 0 -1 0 0 -1 -1 -1 0 -1 -1 -1 -1 0 -1 -1 -1 -1 -1 -1 0 -1 -1 0 0 -1 -1 -1 -1 0 -1 -1 -1 -1 -1 -1 -1 -1 -1 -1 0 -1 0 -1 -1 -1 -1 -1 -1 -1 -1 0 -1 -1 -1 -1 -1 -1 -1 -1 -1 -1 -1 0 -1 -1 0 -1 0 0 -1 0 -1 0 0 -1 -1 -1 -1 -1 -1 -1 -1 0 0 -1 -1 -1 0 0 -1 0 -1 0 -1 -1 -1 -1 -1 0 -1 -1 -1 -1 -1 0 -1 -1 -1 -1 0 -1 -1 -1 -1 0 -1 0 0 -1 0 0 -1 -1 0 0 -1 -1 0 -1 -1 0 0 -1 -1 -1 -1 -1 -1 0 -1 -1 -1 -1 -1
-1 0 -1 0 -1 -1 0 -1 -1 0 -1 -1 -1 0 -1 -1 -1 -1 -1 -1 -1 0 -1 -1 -1 -1 0 -1 -1 0 -1 -1 -1 -1 0 -1 -1 -1 -1 -1 0 -1 -1 -1 -1 0 -1 -1 -1 -1 -1 -1 -1 -1 -1 0 -1 -1 -1 0 -1 -1 -1 -1 -1 0 0 0 -1 -1 0 -1 -1 0 -1 0 0 -1 -1 -1 0 -1 -1 -1 -1 0 -1 -1 0 -1 -1 -1 -1 -1 -1 -1 -1 -1 -1 -1 0 -1 -1 -1 -1 -1 -1 0 0 0 -1 -1 -1 -1 -1 -1 0 -1 -1 0 -1 -1 -1 0 -1 0 -1 -1 -1 -1 0 -1 -1 -1 0 0 0 -1 -1 -1 -1 -1 0 -1 -1 -1 0 -1 -1 -1
-1 0 -1 0 -1 -1 -1 0 -1 -1 -1 0 -1 -1 -1 -1 0 -1 -1 0 -1 -1 0 -1 0 -1 0 -1 -1 -1 -1 -1 -1 -1 -1 0 -1 -1 -1 -1 -1 -1 0 0 -1 0 -1 -1 -1 -1 -1 -1 0 0 0 -1 -1 -1 -1 -1 -1 0 -1 -1 -1 -1 0 -1 -1 -1 -1 -1 -1 0 -1 -1 -1 -1 0 -1 0 -1 0 -1 0 -1 -1 0 -1 -1 0 0 0 0 0 -1 0 0 -1 0 -1 -1 -1 0 -1 -1 -1 0 -1 -1 -1 -1 -1 -1 -1 -1 -1 -1 0 0 -1 -1 -1 -1 -1 0 -1 0 -1 0 -1 -1 -1 -1 0 -1 -1 -1 -1 0 -1 -1 -1 0 -1 -1 -1 -1 0 -1
-1 -1 0 -1 -1 0 -1 0 -1 -1 -1 -1 -1 -1 0 -1 -1 0 -1 0 0 -1 0 -1 -1 0 -1 0 0 -1 0 0 0 -1 0 0 0 0 -1 -1 -1 0 -1 0 -1 -1 0 0 -1 -1 -1 -1 -1 -1 -1 -1 -1 -1 -1 -1 -1 -1 -1 -1 0 -1 0 -1 0 -1 -1 -1 0 0 -1 0 -1 0 0 -1 0 -1 -1 -1 0 -1 -1 -1 -1 -1 -1 -1 -1 -1 -1 0 -1 -1 -1 -1 -1 -1 0 -1 -1 0 0 0 0 0 -1 0 0 -1 0 -1 -1 -1 -1 -1 -1 -1 -1 -1 -1 0 -1 -1 0 0 0 0 -1 -1 -1 0 0 0 -1 -1 -1 -1 -1 -1 -1 -1 0 -1 0 0
-1 -1 -1 0 0 -1 -1 0 0 0 -1 -1 -1 -1 -1 -1 -1 0 -1 0 -1 -1 0 -1 -1 0 0 -1 -1 -1 -1 -1 -1 0 -1 -1 -1 0 -1 -1 0 0 -1 0 -1 -1 -1 -1 -1 0 0 0 0 -1 -1 -1 0 -1 -1 -1 0 0 -1 -1 -1 -1 -1 0 0 0 0 -1 0 -1 -1 -1 -1 0 -1 -1 -1 -1 -1 -1 -1 -1 -1 -1 0 -1 -1 0 -1 -1 0 -1 0 -1 -1 -1 0 -1 -1 -1 0 -1 -1 -1 0 -1 -1 -1 -1 -1 -1 0 -1 -1 0 0 -1 -1 -1 0 -1 0 -1 -1 -1 -1 0 -1 -1 -1 -1 -1 0 -1 0 0 -1 -1 -1 -1 0 0 -1 -1 0 -1
-1 0 -1 0 -1 0 0 -1 0 0 -1 -1 0 -1 -1 -1 0 0 -1 -1 -1 -1 0 -1 -1 0 -1 0 -1 -1 -1 -1 0 0 0 -1 -1 0 -1 -1 0 -1 -1 -1 -1 -1 -1 -1 -1 0 -1 -1 -1 -1 -1 -1 -1 -1 -1 -1 -1 -1 0 -1 -1 -1 -1 -1 0 0 0 -1 0 -1 0 -1 -1 0 0 -1 -1 -1 -1 -1 -1 -1 0 0 0 -1 -1 -1 -1 -1 -1 -1 -1 -1 0 -1 -1 -1 -1 -1 -1 -1 -1 0 0 0 0 -1 -1 -1 -1 -1 -1 -1 -1 -1 -1 -1 -1 -1 -1 0 -1 -1 -1 0 0 -1 -1 -1 0 -1 -1 0 -1 -1 -1 -1 -1 -1 -1 -1 0 -1 0 -1
-1 -1 -1 0 -1 0 -1 -1 -1 0 -1 0 0 -1 -1 0 0 -1 -1 -1 -1 0 -1 0 0 -1 -1 0 0 0 0 -1 0 -1 -1 -1 0 -1 -1 -1 0 -1 0 -1 0 -1 -1 0 0 -1 0 0 -1 -1 0 -1 -1 0 -1 -1 -1 0 -1 -1 -1 -1 -1 -1 0 -1 -1 0 -1 -1 -1 -1 -1 -1 -1 -1 -1 -1 -1 -1 -1 -1 0 -1 -1 0 -1 -1 -1 0 -1 0 -1 -1 -1 -1 -1 -1 -1 0 -1 -1 -1 -1 0 -1 -1 -1 0 0 -1 -1 0 0 -1 -1 -1 0 -1 0 -1 0 -1 -1 -1 0 0 -1 0 -1 -1 -1 -1 0 -1 -1 -1 -1 0 -1 0 -1 -1 -1 -1 -1
0 -1 -1 -1 0 0 -1 0 -1 -1 -1 -1 -1 0 -1 -1 -1 -1 0 0 0 -1 -1 -1 -1 -1 -1 -1 0 0 -1 -1 -1 -1 -1 -1 -1 0 -1 -1 0 -1 -1 0 0 0 -1 -1 -1 -1 -1 -1 0 -1 -1 0 -1 -1 -1 -1 0 -1 0 -1 -1 -1 0 0 -1 -1 -1 -1 -1 -1 -1 -1 -1 -1 -1 -1 -1 0 0 -1 -1 0 -1 -1 0 -1 -1 0 0 -1 -1 -1 -1 -1 -1 -1 -1 0 -1 -1 -1 -1 0 -1 -1 0 0 -1 -1 -1 -1 -1 0 -1 -1 0 0 -1 0 -1 -1 -1 -1 0 0 0 -1 0 0 -1 -1 -1 -1 -1 -1 -1 0 -1 0 0 -1 0 -1 0 -1 -1
-1 -1 -1 -1 -1 0 -1 0 0 -1 -1 -1 -1 -1 -1 -1 0 -1 -1 -1 -1 -1 -1 -1 -1 -1 -1 0 -1 -1 0 0 -1 0 0 0 0 -1 -1 -1 -1 0 -1 -1 0 0 -1 -1 0 -1 -1 -1 -1 0 -1 -1 0 -1 -1 0 -1 -1 -1 -1 -1 -1 -1 0 -1 -1 0 -1 -1 -1 0 -1 -1 -1 -1 -1 -1 -1 -1 -1 0 0 -1 -1 0 -1 -1 -1 -1 0 -1 -1 -1 -1 -1 -1 -1 -1 -1 -1 0 0 -1 0 -1 -1 0 -1 0 0 -1 0 -1 0 -1 -1 -1 -1 -1 -1 0 -1 -1 -1 -1 -1 -1 -1 0 0 -1 -1 -1 -1 0 0 -1 -1 0 -1 -1 -1 -1 -1 -1 0
0 0 0 0 -1 -1 -1 0 -1 0 -1 -1 0 0 -1 0 -1 -1 -1 -1 -1 -1 -1 -1 -1 0 -1 -1 -1 -1 0 -1 0 -1 -1 -1 -1 -1 -1 -1 0 -1 -1 0 0 0 0 -1 -1 -1 -1 0 0 0 -1 0 -1 -1 -1 -1 0 0 -1 -1 -1 -1 -1 -1 -1 -1 0 -1 -1 0 -1 -1 0 -1 0 -1 -1 -1 -1 -1 0 -1 -1 -1 0 -1 -1 0 -1 -1 -1 -1 -1 0 -1 -1 -1 -1 0 -1 -1 -1 0 -1 -1 0 -1 0 -1 0 -1 0 0 -1 -1 0 -1 -1 -1 -1 -1 -1 0 -1 -1 -1 -1 -1 -1 -1 -1 -1 -1 0 0 -1 -1 -1 0 -1 -1 -1 0 0 0 -1
-1 0 0 0 0 -1 0 -1 -1 -1 0 0 0 0 -1 0 -1 -1 -1 0 -1 -1 -1 -1 -1 -1 -1 0 -1 0 -1 -1 -1 -1 -1 -1 -1 0 0 -1 -1 -1 0 -1 -1 0 -1 -1 -1 -1 -1 -1 -1 -1 -1 0 0 0 -1 -1 -1 -1 -1 -1 -1 -1 -1 0 0 -1 -1 -1 -1 0 -1 -1 0 -1 -1 -1 0 -1 0 0 0 0 -1 -1 -1 0 -1 -1 0 0 -1 -1 -1 -1 0 -1 -1 -1 0 -1 -1 -1 0 -1 0 0 -1 -1 -1 0 -1 -1 0 0 -1 -1 -1 -1 0 -1 -1 -1 -1 0 -1 -1 0 -1 0 -1 -1 -1 -1 -1 -1 0 -1 -1 -1 0 0 0 -1 -1 -1 0
0 -1 -1 -1 -1 0 -1 0 -1 -1 -1 -1 0 -1 0 -1 -1 0 -1 -1 -1 -1 -1 0 -1 -1 -1 0 0 -1 -1 -1 -1 -1 -1 -1 -1 0 -1 0 -1 -1 0 0 -1 -1 -1 -1 -1 0 -1 -1 0 -1 0 -1 0 -1 -1 -1 -1 -1 -1 -1 0 -1 -1 -1 -1 -1 -1 -1 0 0 -1 -1 0 0 -1 0 -1 -1 -1 -1 -1 0 -1 -1 -1 -1 -1 0 0 0 0 -1 0 0 -1 0 -1 0 0 -1 0 -1 0 -1 -1 -1 -1 -1 0 -1 -1 -1 -1 -1 0 0 -1 -1 -1 -1 -1 -1 -1 -1 0 -1 -1 0 0 -1 -1 -1 -1 -1 0 -1 -1 -1 -1 -1 -1 0 0 -1 -1 -1
-1 0 -1 0 -1 0 -1 -1 -1 -1 -1 -1 -1 0 -1 -1 -1 -1 -1 -1 -1 -1 0 0 -1 0 -1 -1 -1 -1 -1 -1 -1 -1 -1 0 -1 0 -1 -1 -1 0 -1 0 -1 -1 -1 -1 -1 -1 -1 0 0 -1 0 -1 0 -1 -1 -1 0 -1 -1 0 -1 -1 0 -1 0 0 -1 0 0 -1 0 0 -1 0 0 -1 -1 -1 0 0 -1 -1 -1 -1 -1 -1 0 -1 0 -1 -1 0 0 -1 0 -1 -1 0 -1 -1 0 0 -1 -1 -1 0 0 -1 -1 -1 -1 -1 -1 0 0 -1 0 -1 -1 -1 -1 -1 -1 0 -1 0 -1 -1 -1 -1 -1 -1 -1 -1 -1 -1 -1 0 0 -1 -1 -1 0 -1 -1 -1
0 0 -1 -1 -1 -1 -1 -1 -1 -1 0 0 0 0 -1 -1 0 0 -1 -1 -1 -1 -1 -1 -1 -1 -1 -1 -1 -1 -1 0 -1 -1 -1 -1 -1 -1 -1 -1 0 -1 -1 -1 0 -1 -1 -1 -1 0 -1 -1 -1 -1 0 -1 -1 0 -1 0 0 -1 0 -1 -1 -1 -1 0 0 0 -1 -1 0 -1 -1 -1 0 0 -1 -1 -1 0 -1 -1 0 -1 -1 0 -1 -1 -1 0 0 -1 -1 0 -1 -1 -1 0 -1 -1 -1 0 -1 0 0 0 -1 0 -1 -1 -1 -1 -1 0 -1 -1 -1 -1 0 -1 0 0 0 -1 -1 0 -1 -1 -1 -1 -1 0 -1 -1 -1 -1 -1 0 0 -1 -1 -1 -1 -1 -1 -1 -1 0
-1 -1 -1 -1 -1 0 0 0 -1 0 -1 0 -1 -1 0 -1 -1 0 -1 -1 0 -1 -1 -1 -1 -1 -1 0 -1 0 -1 0 -1 -1 -1 0 -1 -1 -1 -1 -1 -1 -1 0 -1 -1 -1 -1 -1 0 0 -1 -1 -1 0 0 -1 -1 -1 -1 -1 0 0 -1 0 -1 -1 0 -1 0 0 0 -1 -1 0 -1 -1 -1 -1 -1 -1 -1 0 -1 0 0 -1 -1 -1 -1 -1 -1 -1 -1 -1 0 0 0 -1 0 0 -1 0 0 -1 -1 -1 -1 0 0 -1 0 -1 -1 -1 -1 -1 -1 -1 -1 0 0 0 0 0 -1 -1 -1 -1 -1 0 0 -1 0 -1 -1 -1 0 0 -1 -1 -1 -1 -1 0 -1 -1 -1 0 -1
-1 -1 0 -1 0 0 -1 -1 0 -1 0 0 -1 -1 0 0 0 -1 0 -1 -1 -1 -1 0 -1 -1 -1 -1 -1 -1 0 0 0 0 0 -1 0 0 -1 0 -1 0 -1 0 -1 -1 -1 -1 -1 0 -1 0 -1 -1 0 -1 0 0 -1 -1 0 0 -1 0 0 -1 0 0 -1 0 -1 -1 -1 0 -1 -1 -1 0 -1 -1 -1 -1 -1 0 -1 -1 0 -1 -1 0 -1 -1 0 -1 -1 -1 -1 -1 0 -1 -1 0 -1 -1 -1 0 -1 -1 -1 -1 -1 -1 -1 0 -1 -1 -1 -1 0 0 -1 -1 -1 0 -1 -1 -1 -1 -1 -1 0 0 -1 -1 -1 -1 -1 0 -1 -1 0 -1 -1 -1 -1 -1 -1 0 -1 -1
-1 -1 -1 -1 -1 -1 0 0 0 -1 -1 -1 0 -1 0 -1 -1 -1 -1 0 -1 -1 -1 -1 -1 -1 0 0 0 -1 -1 0 -1 0 -1 -1 -1 -1 -1 -1 0 -1 -1 0 -1 -1 0 -1 -1 -1 -1 -1 0 -1 -1 -1 -1 -1 0 -1 -1 -1 -1 -1 -1 -1 -1 0 -1 0 0 -1 -1 -1 0 0 -1 0 -1 -1 -1 0 -1 -1 -1 0 -1 -1 -1 -1 -1 0 -1 -1 -1 -1 -1 -1 -1 0 -1 -1 -1 -1 -1 0 0 -1 -1 0 0 -1 -1 0 -1 -1 -1 0 -1 -1 -1 0 0 0 -1 -1 -1 -1 0 0 -1 -1 0 0 -1 0 -1 0 -1 -1 -1 -1 -1 -1 -1 0 -1 -1 -1 -1
0 -1 0 0 -1 -1 -1 -1 -1 -1 -1 0 -1 0 -1 -1 -1 0 -1 -1 0 0 -1 -1 0 0 -1 -1 -1 -1 0 -1 -1 0 -1 0 -1 -1 -1 -1 -1 -1 -1 -1 0 -1 -1 0 -1 -1 -1 -1 -1 0 0 -1 -1 0 -1 0 -1 0 0 0 0 -1 -1 -1 -1 -1 -1 0 0 -1 -1 0 -1 0 0 -1 -1 0 -1 -1 -1 -1 -1 -1 -1 -1 -1 -1 -1 0 -1 -1 -1 0 -1 -1 -1 -1 -1 0 -1 -1 -1 0 0 -1 -1 -1 -1 0 -1 -1 -1 -1 -1 -1 -1 -1 -1 0 -1 0 -1 0 0 -1 0 -1 -1 -1 -1 0 -1 -1 -1 0 0 -1 -1 -1 0 0 -1 -1 0 -1
0 -1 -1 0 0 0 -1 -1 -1 -1 -1 -1 -1 -1 -1 -1 -1 0 -1 -1 0 -1 -1 -1 -1 -1 -1 -1 0 -1 0 -1 -1 0 0 -1 -1 0 -1 0 -1 -1 -1 0 -1 -1 -1 -1 -1 -1 -1 -1 -1 -1 -1 -1 -1 -1 -1 -1 0 -1 -1 0 -1 0 -1 -1 -1 0 -1 -1 0 -1 -1 0 0 0 -1 -1 0 -1 -1 -1 -1 -1 -1 -1 -1 0 -1 0 0 -1 -1 -1 -1 -1 -1 -1 -1 -1 -1 -1 0 -1 -1 0 0 -1 -1 -1 -1 -1 -1 -1 -1 -1 -1 0 -1 -1 0 -1 -1 -1 -1 0 -1 -1 -1 0 -1 0 -1 -1 -1 -1 -1 -1 0 -1 -1 -1 -1 -1 -1 -1 -1 -1
-1 0 0 -1 0 -1 -1 -1 -1 0 0 -1 -1 0 -1 0 -1 0 0 -1 -1 -1 -1 -1 -1 -1 0 0 0 -1 -1 -1 -1 -1 0 0 -1 -1 -1 -1 -1 -1 -1 -1 -1 -1 -1 0 -1 -1 -1 -1 -1 0 -1 0 -1 -1 -1 0 -1 0 0 0 -1 -1 0 -1 -1 0 -1 -1 0 -1 -1 -1 -1 0 -1 -1 -1 -1 -1 -1 -1 -1 -1 -1 -1 -1 0 0 -1 -1 -1 -1 -1 -1 -1 -1 0 -1 0 -1 -1 0 -1 -1 -1 0 -1 -1 -1 -1 -1 -1 -1 -1 -1 -1 -1 -1 -1 -1 0 -1 0 -1 -1 -1 -1 -1 -1 0 0 -1 -1 -1 -1 0 -1 0 -1 -1 -1 -1 -1 -1 -1 0
0 -1 -1 -1 -1 -1 -1 -1 -1 -1 -1 -1 -1 -1 -1 -1 0 -1 -1 -1 0 0 0 -1 -1 0 -1 -1 -1 -1 0 -1 -1 -1 0 0 -1 -1 0 0 -1 -1 -1 -1 0 -1 -1 -1 -1 0 -1 -1 0 -1 0 -1 -1 -1 0 -1 -1 0 0 -1 -1 -1 -1 0 -1 0 -1 -1 -1 0 -1 -1 -1 0 -1 0 -1 -1 -1 0 0 -1 0 -1 -1 -1 -1 -1 -1 -1 -1 -1 -1 -1 -1 -1 0 0 0 0 -1 0 -1 -1 -1 0 0 -1 -1 -1 -1 0 0 0 -1 -1 0 -1 -1 -1 -1 -1 0 0 0 0 -1 -1 0 -1 0 0 -1 -1 0 0 0 -1 0 -1 0 -1 -1 0 -1 -1
0 0 -1 -1 -1 0 0 -1 0 -1 0 -1 0 -1 -1 0 -1 -1 -1 -1 0 -1 -1 -1 -1 -1 -1 -1 -1 -1 -1 0 -1 -1 0 -1 0 0 -1 -1 -1 0 -1 -1 -1 -1 -1 -1 0 -1 -1 -1 0 -1 -1 -1 0 0 -1 -1 -1 0 -1 -1 0 -1 -1 -1 -1 -1 -1 -1 -1 0 -1 0 0 -1 -1 -1 -1 -1 0 -1 -1 -1 -1 0 -1 -1 -1 -1 0 -1 -1 -1 0 0 0 -1 0 -1 -1 0 0 0 -1 -1 -1 0 -1 -1 -1 -1 -1 -1 -1 0 -1 -1 0 0 -1 -1 -1 -1 -1 -1 -1 -1 -1 -1 0 0 -1 -1 -1 -1 -1 0 0 0 -1 -1 -1 0 -1 -1 0 -1
-1 -1 -1 0 -1 -1 -1 -1 -1 -1 -1 -1 -1 -1 -1 -1 -1 0 0 -1 -1 -1 -1 -1 -1 -1 -1 -1 -1 -1 0 0 0 -1 0 -1 -1 -1 0 -1 -1 -1 0 0 -1 -1 -1 -1 -1 -1 -1 -1 0 0 0 -1 0 0 -1 0 0 -1 0 0 0 0 -1 0 0 -1 0 0 -1 0 0 -1 0 -1 0 0 0 -1 -1 -1 -1 0 -1 -1 -1 -1 -1 -1 -1 -1 -1 -1 -1 0 -1 -1 -1 0 0 -1 -1 -1 -1 -1 -1 0 -1 0 0 -1 -1 -1 0 -1 -1 -1 -1 0 -1 0 -1 0 0 -1 0 0 -1 -1 -1 -1 -1 -1 -1 -1 0 -1 -1 -1 -1 -1 -1 -1 -1 0 0 -1
-1 -1 -1 0 0 0 -1 -1 -1 0 0 -1 0 0 0 -1 -1 -1 0 -1 -1 -1 -1 -1 -1 0 -1 -1 -1 -1 -1 -1 -1 0 0 0 -1 0 -1 -1 -1 -1 0 0 -1 0 -1 -1 -1 -1 -1 0 -1 -1 0 -1 -1 -1 -1 -1 -1 -1 0 0 -1 -1 -1 -1 -1 0 -1 -1 0 0 -1 -1 -1 -1 -1 0 0 -1 -1 -1 -1 0 -1 -1 -1 0 -1 0 -1 -1 0 -1 0 0 -1 0 -1 -1 0 -1 -1 -1 -1 -1 0 -1 0 -1 -1 -1 0 0 0 -1 0 -1 -1 -1 0 -1 -1 -1 -1 -1 0 -1 -1 0 0 -1 0 0 -1 -1 -1 -1 -1 -1 -1 -1 -1 -1 -1 -1 0 -1
-1 -1 -1 -1 -1 0 -1 -1 -1 -1 -1 -1 -1 0 0 -1 -1 0 0 0 -1 -1 0 0 0 0 0 0 -1 0 -1 -1 -1 -1 -1 0 -1 0 0 0 0 0 -1 0 -1 0 -1 0 -1 0 -1 -1 -1 -1 -1 0 -1 -1 0 0 -1 -1 -1 -1 0 -1 -1 -1 -1 -1 -1 -1 -1 0 -1 -1 -1 -1 0 0 -1 -1 0 -1 -1 -1 -1 -1 -1 0 0 -1 -1 -1 -1 -1 -1 -1 -1 -1 -1 -1 -1 0 -1 -1 -1 0 -1 -1 -1 -1 -1 0 -1 -1 -1 -1 0 -1 -1 0 -1 0 -1 -1 -1 -1 -1 -1 -1 0 -1 -1 -1 0 -1 -1 -1 0 -1 -1 -1 -1 -1 -1 -1 -1 -1 -1
0 0 -1 -1 -1 -1 0 -1 -1 -1 -1 -1 -1 -1 0 0 -1 -1 -1 0 0 -1 -1 0 0 -1 -1 0 -1 0 -1 0 -1 0 -1 -1 -1 -1 -1 -1 0 -1 -1 -1 -1 0 0 0 -1 -1 -1 -1 -1 -1 -1 -1 0 -1 -1 -1 -1 -1 0 -1 -1 -1 0 -1 -1 -1 -1 -1 0 -1 -1 -1 -1 -1 -1 -1 -1 -1 0 -1 -1 0 -1 -1 -1 0 -1 -1 -1 -1 -1 0 -1 -1 -1 -1 0 0 -1 -1 0 0 -1 -1 -1 -1 0 -1 -1 0 -1 -1 -1 -1 -1 0 -1 -1 -1 -1 0 0 0 -1 -1 0 -1 -1 -1 -1 0 -1 -1 0 -1 -1 -1 -1 0 -1 -1 -1 0 -1 0 -1
-1 0 0 -1 -1 0 -1 -1 -1 -1 0 0 -1 -1 0 0 0 -1 -1 -1 -1 0 0 -1 -1 -1 -1 -1 -1 -1 -1 -1 -1 0 -1 0 -1 0 0 -1 -1 -1 -1 0 0 -1 -1 0 -1 -1 -1 -1 0 0 0 -1 -1 -1 -1 -1 0 0 -1 0 -1 0 -1 -1 0 0 0 -1 -1 -1 -1 -1 0 -1 0 0 0 0 0 0 -1 -1 -1 -1 -1 -1 0 0 -1 -1 -1 -1 0 -1 -1 0 -1 0 -1 -1 0 0 0 -1 -1 -1 0 0 -1 -1 -1 -1 -1 -1 -1 0 -1 -1 -1 -1 -1 -1 -1 -1 -1 -1 -1 -1 -1 -1 -1 -1 0 -1 0 -1 0 -1 -1 0 -1 0 -1 -1 -1 0
0 0 -1 -1 0 -1 -1 -1 0 -1 -1 -1 0 -1 0 -1 -1 0 -1 -1 -1 -1 -1 0 -1 0 0 -1 0 0 -1 -1 -1 0 0 -1 -1 0 -1 -1 0 0 -1 -1 -1 0 -1 0 -1 0 -1 -1 0 -1 -1 0 -1 -1 -1 0 -1 -1 -1 0 -1 0 -1 -1 0 -1 -1 -1 -1 -1 0 0 -1 -1 -1 -1 0 -1 -1 0 -1 -1 0 -1 -1 0 -1 -1 -1 -1 -1 -1 0 -1 -1 -1 0 0 -1 -1 -1 -1 -1 -1 0 -1 0 -1 -1 -1 -1 -1 -1 -1 0 -1 0 -1 0 -1 0 0 0 -1 0 0 -1 -1 -1 -1 -1 0 -1 -1 0 -1 -1 -1 -1 0 -1 0 -1 0 0 -1
-1 -1 -1 -1 -1 -1 -1 -1 -1 0 -1 -1 0 0 0 0 0 0 0 -1 0 0 -1 -1 -1 -1 0 -1 -1 -1 -1 -1 -1 -1 -1 0 0 -1 0 -1 -1 -1 -1 -1 -1 -1 -1 -1 -1 0 -1 0 -1 -1 0 -1 0 -1 0 -1 0 -1 0 -1 0 -1 0 -1 -1 -1 0 -1 -1 -1 -1 -1 -1 -1 -1 -1 0 -1 0 0 0 -1 -1 -1 -1 -1 0 -1 -1 -1 0 -1 0 0 -1 -1 -1 -1 0 0 -1 -1 0 -1 -1 0 0 0 0 -1 0 -1 0 -1 -1 0 0 -1 -1 -1 -1 -1 0 -1 0 -1 -1 -1 0 -1 0 0 0 -1 0 0 -1 -1 -1 -1 -1 -1 -1 -1 0 0
-1 0 0 -1 -1 -1 -1 -1 0 -1 -1 0 -1 -1 -1 -1 -1 -1 -1 -1 -1 -1 -1 -1 -1 -1 0 0 -1 -1 0 0 -1 0 -1 -1 0 0 -1 -1 0 0 -1 -1 -1 0 -1 -1 0 0 -1 -1 -1 0 -1 -1 0 -1 -1 0 0 0 -1 0 0 0 -1 0 -1 -1 -1 0 0 -1 -1 0 0 0 -1 -1 -1 -1 -1 0 -1 0 0 0 -1 0 -1 0 -1 -1 -1 -1 -1 -1 -1 -1 -1 0 -1 -1 -1 0 0 0 -1 -1 -1 0 -1 -1 -1 -1 -1 -1 -1 -1 -1 0 -1 -1 -1 -1 0 0 -1 -1 -1 -1 0 -1 0 -1 -1 -1 -1 -1 -1 -1 -1 -1 -1 0 0 -1 -1 0
-1 -1 0 -1 0 -1 -1 -1 0 -1 0 0 0 0 -1 -1 -1 -1 -1 0 -1 0 0 -1 -1 0 -1 0 -1 -1 -1 -1 -1 -1 -1 -1 0 0 -1 -1 -1 -1 0 -1 -1 -1 -1 -1 -1 -1 -1 -1 -1 -1 0 -1 0 -1 -1 0 0 -1 -1 -1 0 -1 -1 0 0 -1 -1 -1 -1 0 -1 -1 0 -1 -1 0 -1 -1 -1 -1 0 -1 -1 -1 0 -1 0 -1 -1 -1 -1 0 -1 0 -1 -1 -1 -1 -1 -1 0 -1 0 -1 -1 0 -1 0 -1 -1 -1 -1 -1 0 0 0 -1 -1 0 0 -1 -1 0 0 0 0 -1 -1 -1 -1 -1 -1 -1 -1 0 -1 -1 -1 -1 0 -1 -1 0 -1 -1 -1
-1 -1 -1 -1 -1 -1 0 -1 -1 0 0 -1 -1 -1 0 0 0 -1 0 -1 -1 -1 0 0 -1 -1 -1 -1 -1 0 -1 0 0 0 -1 0 -1 -1 -1 -1 0 0 -1 -1 0 -1 0 -1 0 0 -1 0 0 -1 -1 -1 0 -1 -1 -1 0 0 0 -1 -1 -1 0 -1 -1 -1 0 0 -1 0 -1 -1 -1 -1 -1 -1 -1 0 -1 -1 -1 -1 -1 0 0 -1 0 -1 -1 -1 0 -1 0 -1 -1 -1 0 -1 -1 0 0 -1 -1 -1 -1 -1 -1 -1 -1 -1 0 0 0 -1 -1 -1 -1 -1 0 -1 0 -1 -1 -1 0 -1 -1 0 -1 -1 -1 0 -1 -1 -1 0 -1 -1 -1 0 -1 0 -1 -1 -1 -1
0 -1 -1 0 -1 -1 -1 0 -1 -1 0 -1 -1 -1 -1 -1 0 -1 -1 -1 0 -1 -1 -1 -1 0 -1 0 -1 0 -1 -1 -1 -1 0 -1 0 -1 0 0 -1 0 -1 -1 0 -1 -1 -1 0 0 -1 -1 -1 -1 -1 -1 -1 -1 0 -1 -1 0 0 0 -1 0 0 -1 -1 -1 -1 0 -1 0 -1 -1 -1 -1 0 -1 -1 -1 -1 0 -1 -1 -1 -1 -1 -1 0 -1 -1 0 -1 -1 0 -1 0 0 -1 -1 -1 -1 -1 -1 -1 -1 -1 0 0 0 -1 -1 -1 -1 -1 -1 0 -1 -1 -1 -1 0 -1 0 0 0 0 -1 -1 -1 0 -1 0 -1 -1 -1 0 -1 -1 -1 -1 -1 -1 -1 -1 -1 -1 -1
-1 -1 -1 -1 0 -1 0 -1 -1 -1 -1 -1 -1 -1 -1 0 0 -1 0 -1 -1 -1 -1 -1 0 0 0 0 -1 -1 0 -1 -1 -1 -1 -1 -1 -1 -1 -1 -1 0 0 0 -1 -1 0 -1 -1 -1 0 -1 -1 -1 -1 0 0 0 -1 0 -1 0 -1 -1 -1 -1 -1 0 -1 0 -1 0 -1 -1 -1 -1 -1 -1 0 -1 -1 0 -1 0 -1 -1 -1 0 -1 -1 -1 0 -1 0 -1 -1 0 -1 -1 -1 -1 -1 0 -1 -1 -1 -1 -1 -1 -1 -1 0 0 0 -1 -1 -1 -1 0 -1 -1 -1 -1 0 -1 0 0 -1 0 -1 0 -1 -1 0 -1 0 -1 -1 0 -1 -1 -1 0 -1 0 -1 -1 -1 -1 0
-1 -1 -1 -1 -1 -1 0 0 -1 -1 -1 -1 -1 0 0 -1 0 -1 0 0 -1 -1 0 -1 -1 -1 0 -1 -1 -1 -1 -1 -1 -1 -1 0 -1 -1 0 -1 -1 0 -1 0 0 0 -1 0 -1 -1 -1 -1 -1 0 -1 -1 0 0 -1 -1 0 -1 -1 -1 0 -1 -1 -1 0 -1 0 -1 -1 -1 -1 -1 -1 -1 0 -1 -1 0 -1 -1 0 0 -1 -1 0 -1 -1 0 0 -1 -1 -1 -1 -1 0 0 0 -1 -1 -1 0 -1 -1 -1 0 -1 -1 -1 -1 -1 -1 -1 -1 -1 -1 0 -1 -1 -1 0 -1 -1 -1 0 -1 -1 -1 -1 -1 -1 0 -1 -1 -1 -1 -1 -1 -1 0 -1 -1 -1 -1 -1 0 -1
-1 -1 0 -1 -1 0 0 -1 0 0 -1 -1 -1 -1 -1 0 -1 -1 -1 0 -1 -1 -1 0 -1 -1 -1 -1 -1 -1 0 0 -1 -1 -1 -1 -1 -1 0 -1 -1 -1 -1 -1 0 0 0 -1 -1 -1 0 -1 -1 0 -1 0 -1 -1 0 -1 -1 0 0 0 -1 -1 0 -1 -1 0 -1 -1 -1 -1 0 -1 -1 -1 -1 0 -1 0 0 -1 0 0 -1 -1 -1 -1 0 -1 0 -1 -1 -1 -1 0 -1 -1 -1 -1 -1 -1 -1 -1 -1 0 0 0 -1 -1 0 -1 0 -1 -1 0 -1 0 -1 -1 -1 0 -1 -1 -1 -1 -1 -1 -1 -1 0 0 -1 -1 -1 -1 0 0 -1 -1 -1 0 -1 -1 0 -1 -1 -1
-1 -1 0 -1 0 0 0 -1 0 -1 -1 -1 -1 -1 -1 -1 -1 -1 -1 -1 -1 0 -1 0 -1 -1 -1 0 -1 -1 -1 -1 0 -1 -1 0 -1 -1 -1 -1 0 -1 -1 -1 0 -1 -1 0 -1 -1 -1 -1 0 -1 -1 0 -1 -1 -1 -1 -1 -1 -1 -1 -1 -1 -1 0 -1 0 -1 -1 0 -1 -1 -1 0 0 -1 -1 -1 -1 -1 -1 0 -1 -1 -1 0 -1 0 0 -1 -1 0 -1 -1 -1 -1 -1 -1 -1 0 -1 -1 -1 0 -1 -1 -1 0 -1 -1 0 0 0 -1 -1 -1 -1 -1 0 -1 -1 -1 -1 -1 0 0 -1 -1 -1 -1 -1 -1 -1 0 -1 0 -1 -1 0 0 0 -1 -1 -1 -1 -1 -1
-1 -1 0 0 -1 -1 0 -1 -1 -1 -1 -1 -1 -1 -1 0 -1 -1 -1 0 0 -1 -1 -1 0 -1 0 -1 0 -1 -1 -1 -1 -1 -1 -1 0 0 -1 -1 -1 -1 -1 -1 0 -1 -1 0 0 0 -1 0 0 -1 -1 -1 -1 0 -1 -1 -1 -1 -1 -1 0 -1 -1 -1 -1 0 0 -1 -1 -1 -1 -1 -1 0 -1 -1 0 0 -1 -1 -1 -1 -1 -1 0 -1 0 -1 -1 -1 -1 0 -1 0 -1 0 -1 -1 -1 0 -1 -1 -1 -1 -1 -1 -1 0 -1 -1 0 -1 -1 0 -1 0 -1 -1 0 -1 -1 -1 -1 0 -1 0 -1 -1 -1 0 -1 -1 -1 -1 0 -1 -1 -1 -1 -1 -1 -1 -1 -1 0 -1
-1 0 -1 -1 -1 0 -1 0 0 0 -1 -1 0 -1 0 -1 -1 -1 0 0 0 -1 -1 0 0 -1 0 -1 -1 0 0 0 0 0 -1 -1 -1 -1 -1 -1 -1 0 0 -1 -1 0 -1 -1 -1 -1 0 0 -1 -1 0 0 -1 -1 -1 0 -1 -1 -1 -1 -1 0 -1 0 -1 -1 -1 -1 -1 -1 -1 -1 -1 0 -1 -1 -1 -1 -1 -1 -1 -1 -1 -1 -1 -1 -1 -1 0 -1 0 -1 -1 0 -1 -1 -1 -1 -1 -1 0 -1 0 -1 -1 -1 0 -1 0 -1 0 -1 -1 0 -1 -1 0 -1 0 -1 -1 -1 -1 0 0 -1 0 -1 -1 -1 -1 -1 -1 -1 -1 -1 -1 -1 -1 -1 -1 0 0 0 -1 -1
-1 -1 -1 -1 -1 -1 -1 -1 -1 0 -1 0 0 0 -1 -1 -1 -1 -1 0 -1 -1 -1 -1 0 -1 0 -1 -1 0 -1 -1 -1 0 -1 -1 -1 0 0 -1 -1 0 -1 0 0 -1 -1 0 0 -1 0 -1 -1 -1 -1 -1 0 0 -1 -1 -1 -1 0 -1 -1 -1 -1 -1 -1 -1 -1 0 -1 0 -1 0 -1 0 -1 -1 -1 0 -1 0 0 0 0 -1 0 -1 -1 -1 -1 -1 -1 -1 0 -1 -1 0 -1 -1 -1 -1 -1 0 0 -1 -1 -1 -1 -1 -1 -1 0 -1 -1 0 0 -1 -1 -1 -1 -1 -1 0 0 -1 -1 -1 -1 0 0 -1 -1 0 0 -1 -1 -1 -1 -1 0 -1 -1 -1 -1 0 0 0
150
-3 0 -1 5 -1 0 1 2 10 0 0 0 -7 0 -3 0 0 -3 2 5 0 -3 10 0 0 5 5 6 0 -6 -10 -3 0 8 0 1 10 0 -2 -8 0 2 -1 4 -3 0 -4 5 -2 0 -6 2 -9 0 -5 0 2 10 -5 -3 0 -1 -8 0 -5 -6 7 0 0 -9 -8 0 -3 0 -6 -2 -7 0 -6 0 1 3 0 -5 8 0 6 -8 -7 -5 -5 6 0 2 10 0 -5 0 7 -6 8 -4 -6 -8 6 0 7 0 -4 0 -9 -8 -2 -4 -7 -5 8 -2 3 0 0 -4 0 7 4 0 6 5 4 7 1 -9 -10 10 -9 0 7 6 1 0 9 0 10 -2 5 -3 0 -6 0 8 