60
60
0 -1 -1 -1 -1 -1 -1 -1 0 -1 -1 -1 -1 -1 0 -1 0 -1 -1 -1 -1 0 -1 -1 0 -1 0 -1 9 -1 -1 0 0 -1 -1 -1 -1 -1 -1 -1 -1 0 -1 0 0 -1 -1 -1 -1 -1 -1 -1 -1 0 -1 -1 -1 0 -1 0
-1 -1 0 -1 -1 -1 -1 0 -1 0 0 -1 0 -1 -1 0 0 -1 0 0 -1 0 -1 -1 -1 -1 0 -1 -1 -1 -1 0 -1 -1 -1 -1 0 -1 0 0 -1 -1 -1 0 -1 -1 -1 -1 0 0 -1 -1 0 -1 0 0 0 -1 0 -1
-1 -1 0 0 0 0 -1 -1 0 0 -1 -1 -1 0 0 -1 0 -1 -1 -1 -1 -1 0 0 0 -1 -1 -1 -1 -1 0 0 0 0 -1 0 0 -1 -1 0 -1 0 -1 -1 0 0 -1 -1 0 -1 -1 0 0 -1 -1 -1 0 -1 0 -1
-1 0 0 -1 -1 -1 -1 0 -1 -1 -1 0 -1 -1 -1 0 0 -1 0 -1 0 0 0 0 -1 0 -1 -1 -1 0 0 0 0 0 -1 -1 -1 -1 -1 -1 0 0 0 -1 -1 0 -1 -1 0 -1 0 -1 -1 0 -1 0 0 0 -1 -1
-1 0 0 -1 0 -1 0 0 -1 0 -1 0 0 -1 -1 0 -1 -1 -1 -1 -1 0 0 -1 -1 0 -1 0 0 0 0 -1 -1 0 0 -1 -1 0 0 -1 -1 -1 -1 0 -1 0 0 -1 0 0 -1 -1 0 0 0 0 0 0 -1 0
-1 -1 -1 -1 0 -1 0 0 -1 -1 0 0 -1 -1 -1 -1 -1 -1 0 0 0 0 -1 -1 -1 -1 0 -1 -1 0 -1 0 0 -1 -1 -1 -1 -1 -1 -1 0 -1 0 -1 0 -1 -1 0 -1 0 -1 -1 -1 -1 0 -1 0 -1 0 0
0 0 -1 -1 0 -1 0 0 0 -1 -1 -1 0 -1 -1 -1 -1 -1 0 0 0 -1 0 -1 -1 -1 0 0 -1 -1 -1 0 -1 -1 0 -1 0 0 0 0 -1 -1 0 0 -1 0 0 0 0 -1 0 -1 -1 0 -1 -1 -1 -1 -1 -1
0 -1 0 -1 0 0 -1 -1 0 0 0 -1 -1 0 -1 0 -1 -1 0 -1 -1 -1 -1 -1 0 0 -1 0 -1 -1 -1 0 -1 -1 0 0 -1 0 0 -1 0 0 -1 0 -1 0 -1 0 -1 0 0 -1 0 -1 0 -1 0 -1 0 -1
0 0 -1 0 -1 0 0 -1 0 -1 0 -1 -1 -1 -1 0 -1 -1 -1 -1 -1 -1 -1 0 0 -1 0 0 -1 -1 0 0 0 0 -1 -1 0 -1 -1 -1 -1 0 -1 -1 -1 0 -1 -1 -1 0 -1 -1 -1 -1 0 0 -1 0 0 0
0 0 0 0 0 -1 -1 -1 -1 -1 -1 -1 0 -1 0 -1 0 -1 -1 -1 0 0 -1 -1 0 0 0 0 0 0 0 -1 -1 0 0 0 0 -1 0 -1 0 -1 0 0 0 -1 -1 -1 -1 -1 -1 0 0 -1 -1 -1 -1 -1 -1 0
-1 -1 -1 -1 -1 0 -1 -1 -1 0 0 -1 -1 -1 0 -1 0 -1 -1 0 -1 -1 0 -1 -1 -1 0 0 0 0 0 0 0 0 0 -1 0 -1 -1 0 0 0 0 -1 0 -1 -1 -1 0 0 0 -1 -1 0 -1 0 0 -1 -1 -1
0 0 -1 -1 -1 -1 0 -1 -1 -1 -1 0 -1 0 -1 0 0 0 -1 0 -1 -1 -1 -1 -1 -1 0 -1 0 -1 0 0 0 -1 -1 -1 -1 -1 -1 -1 -1 0 0 -1 -1 0 -1 -1 -1 0 0 0 0 -1 0 0 0 -1 -1 -1
0 0 -1 -1 0 -1 0 -1 0 -1 0 -1 -1 -1 0 0 -1 -1 -1 0 -1 -1 -1 -1 -1 0 0 0 0 -1 -1 -1 0 -1 -1 0 0 -1 0 0 0 -1 -1 -1 0 -1 -1 0 -1 -1 0 -1 -1 -1 -1 -1 -1 0 -1 -1
-1 -1 -1 -1 -1 0 -1 -1 0 -1 0 0 0 0 0 -1 -1 -1 0 -1 -1 0 0 -1 0 -1 -1 0 0 -1 0 -1 -1 0 -1 -1 0 0 0 -1 0 -1 0 -1 0 -1 -1 -1 0 -1 -1 0 0 -1 0 0 -1 -1 -1 -1
-1 -1 -1 -1 -1 -1 0 -1 0 0 0 -1 -1 -1 0 -1 0 0 -1 -1 -1 0 0 0 -1 0 0 -1 -1 -1 -1 -1 -1 0 -1 -1 -1 -1 -1 0 -1 -1 -1 -1 -1 -1 -1 -1 0 -1 0 0 0 -1 -1 -1 0 -1 -1 -1
0 -1 -1 0 -1 0 -1 0 0 -1 -1 0 -1 0 -1 -1 -1 0 -1 -1 0 -1 0 0 -1 0 -1 -1 -1 -1 0 -1 0 0 0 0 -1 0 0 -1 -1 -1 -1 -1 -1 0 -1 -1 0 -1 -1 0 -1 -1 -1 0 0 -1 0 0
0 -1 -1 0 0 0 0 -1 -1 -1 -1 -1 0 0 0 -1 0 0 -1 -1 -1 0 0 -1 0 -1 -1 -1 0 0 -1 -1 -1 0 0 -1 -1 -1 0 0 0 0 0 0 0 0 -1 0 0 -1 -1 -1 0 0 0 0 0 -1 -1 0
-1 -1 0 0 0 -1 -1 -1 0 -1 -1 0 -1 0 0 -1 0 -1 -1 0 -1 0 0 0 0 0 -1 0 0 -1 0 0 0 -1 0 0 -1 -1 0 -1 -1 0 -1 0 0 0 -1 -1 -1 -1 0 0 -1 0 -1 0 -1 0 -1 -1
-1 -1 0 -1 -1 0 -1 -1 -1 -1 -1 -1 -1 -1 -1 -1 -1 -1 -1 -1 0 -1 -1 -1 -1 -1 0 -1 0 -1 0 -1 -1 -1 0 0 0 -1 0 0 0 0 -1 -1 -1 0 -1 -1 -1 -1 -1 -1 0 -1 -1 -1 0 -1 -1 -1
-1 0 0 -1 0 -1 0 -1 -1 -1 -1 0 -1 -1 0 0 -1 0 0 0 -1 -1 -1 -1 0 -1 -1 -1 -1 -1 0 -1 -1 -1 -1 -1 -1 -1 0 0 -1 -1 -1 -1 0 -1 -1 0 0 -1 0 -1 -1 -1 -1 -1 -1 -1 0 0
-1 -1 -1 0 0 -1 0 -1 -1 -1 -1 -1 0 -1 -1 -1 -1 -1 0 -1 0 -1 -1 -1 -1 -1 0 0 -1 0 -1 0 0 -1 0 0 -1 0 -1 -1 0 0 -1 -1 0 0 0 0 -1 -1 -1 0 -1 0 -1 0 -1 -1 0 0
0 -1 0 -1 0 -1 0 0 -1 0 -1 0 -1 0 0 -1 0 -1 0 -1 -1 -1 -1 -1 -1 -1 -1 0 -1 -1 -1 0 0 0 -1 -1 0 -1 0 -1 -1 -1 -1 -1 0 -1 0 -1 -1 0 -1 -1 0 0 0 -1 -1 0 -1 0
-1 -1 0 -1 -1 -1 0 -1 -1 -1 -1 0 0 0 -1 0 0 0 -1 -1 0 0 0 -1 -1 -1 -1 0 0 -1 -1 -1 -1 -1 -1 -1 -1 -1 -1 -1 -1 -1 0 -1 -1 0 -1 -1 -1 0 -1 -1 -1 -1 -1 -1 -1 0 -1 -1
-1 0 0 -1 -1 0 -1 -1 -1 0 0 0 0 -1 0 -1 -1 0 -1 -1 -1 -1 0 -1 0 -1 0 -1 0 -1 0 -1 -1 -1 -1 0 -1 -1 -1 -1 0 0 -1 -1 0 -1 -1 -1 0 0 -1 -1 0 0 -1 0 -1 -1 0 -1
0 -1 0 -1 0 0 -1 0 -1 0 -1 -1 0 -1 -1 0 -1 -1 -1 -1 -1 -1 -1 -1 0 -1 -1 0 -1 0 -1 -1 0 -1 -1 -1 0 0 -1 -1 -1 -1 0 0 -1 0 -1 0 0 -1 -1 -1 0 -1 -1 0 0 -1 0 0
0 0 0 -1 0 -1 0 0 0 0 -1 0 -1 -1 -1 0 -1 -1 0 0 0 -1 -1 -1 0 0 -1 -1 0 -1 -1 -1 0 -1 -1 0 -1 -1 -1 -1 -1 0 -1 0 -1 -1 0 -1 0 -1 -1 -1 -1 -1 -1 0 -1 0 -1 -1
-1 0 -1 0 -1 0 0 -1 0 0 -1 -1 0 -1 0 -1 -1 -1 0 0 -1 0 -1 -1 -1 -1 0 -1 0 -1 -1 -1 0 -1 0 -1 -1 -1 0 0 -1 0 0 0 -1 0 0 0 -1 0 0 -1 0 -1 -1 -1 -1 -1 -1 0
0 -1 -1 -1 0 0 -1 0 0 0 -1 -1 -1 -1 -1 -1 -1 -1 0 -1 0 0 -1 -1 0 -1 0 -1 0 -1 -1 -1 -1 -1 -1 -1 -1 0 0 0 0 -1 0 0 0 -1 0 -1 0 0 -1 0 -1 0 0 0 0 0 -1 0
0 -1 0 -1 -1 0 -1 0 0 0 -1 -1 -1 0 -1 -1 -1 -1 0 -1 0 0 -1 -1 -1 0 -1 0 -1 -1 -1 -1 -1 -1 -1 0 0 -1 0 -1 0 -1 0 0 -1 -1 0 -1 0 -1 0 0 0 0 0 0 -1 0 0 -1
-1 -1 0 0 0 0 -1 -1 -1 -1 -1 0 -1 0 0 0 0 -1 -1 0 0 -1 0 0 -1 -1 -1 -1 0 0 -1 -1 -1 -1 -1 -1 -1 -1 -1 -1 0 -1 -1 0 0 -1 -1 0 -1 -1 0 0 0 -1 -1 -1 0 -1 -1 -1
-1 -1 -1 -1 0 -1 -1 -1 -1 -1 -1 0 0 0 0 -1 -1 0 -1 0 -1 -1 -1 0 0 0 0 -1 -1 0 -1 0 0 0 -1 0 0 -1 -1 -1 -1 -1 -1 -1 0 -1 -1 0 -1 -1 -1 -1 0 -1 -1 -1 -1 -1 -1 -1
-1 -1 -1 0 -1 -1 -1 -1 -1 0 -1 -1 -1 0 -1 0 -1 -1 0 -1 0 -1 0 -1 0 -1 0 -1 -1 0 -1 0 -1 0 0 -1 -1 -1 -1 0 -1 -1 -1 -1 0 -1 -1 0 -1 0 -1 0 -1 -1 0 -1 0 -1 -1 0
-1 -1 -1 -1 -1 -1 -1 -1 0 -1 0 -1 0 0 -1 -1 -1 -1 -1 0 -1 -1 0 -1 -1 0 -1 0 0 -1 0 -1 -1 -1 -1 -1 -1 0 0 -1 -1 0 0 0 -1 0 -1 0 0 0 -1 0 -1 -1 -1 -1 0 -1 -1 -1
-1 -1 -1 -1 -1 -1 -1 -1 -1 0 -1 -1 -1 0 -1 0 -1 -1 0 0 -1 -1 -1 -1 -1 0 0 0 0 0 0 0 -1 0 -1 -1 -1 -1 -1 -1 -1 0 -1 -1 -1 -1 0 -1 -1 -1 -1 -1 -1 -1 0 -1 0 0 -1 0
-1 0 -1 -1 -1 0 -1 -1 -1 -1 -1 0 0 0 -1 0 0 0 0 -1 -1 0 -1 -1 -1 -1 -1 -1 -1 0 -1 0 0 -1 -1 0 -1 0 -1 0 -1 0 -1 -1 -1 0 -1 -1 0 0 -1 0 0 0 -1 0 0 -1 0 0
-1 -1 0 0 0 0 0 0 0 0 0 0 0 -1 0 -1 -1 0 -1 -1 -1 -1 0 -1 0 -1 -1 -1 -1 -1 0 -1 0 -1 0 0 -1 0 0 0 0 0 0 -1 0 -1 0 -1 -1 -1 -1 0 -1 -1 -1 0 -1 -1 -1 0
-1 -1 -1 -1 -1 -1 0 -1 -1 0 0 -1 -1 -1 -1 -1 0 -1 0 0 -1 0 -1 -1 -1 -1 -1 -1 -1 -1 -1 -1 -1 0 0 -1 0 -1 0 -1 -1 -1 -1 -1 0 -1 -1 0 -1 0 -1 -1 -1 -1 0 -1 -1 0 -1 0
-1 0 -1 0 -1 -1 -1 0 -1 -1 -1 -1 -1 0 -1 -1 -1 0 -1 -1 -1 0 -1 -1 -1 -1 0 0 -1 -1 -1 -1 -1 0 0 -1 0 0 -1 -1 0 -1 -1 0 -1 0 0 0 -1 -1 0 0 -1 -1 -1 -1 -1 0 0 0
-1 0 0 0 -1 0 0 0 -1 0 0 -1 -1 -1 -1 0 -1 -1 -1 0 -1 0 -1 -1 0 0 0 0 0 -1 -1 0 -1 -1 -1 -1 -1 0 -1 -1 -1 0 0 -1 -1 0 -1 0 0 -1 0 -1 -1 -1 -1 0 0 0 0 0
-1 0 0 0 -1 0 -1 0 -1 -1 -1 -1 -1 0 -1 -1 -1 -1 0 0 -1 0 0 -1 -1 -1 -1 -1 -1 -1 -1 -1 0 0 -1 -1 -1 -1 -1 0 -1 0 -1 -1 -1 -1 0 -1 0 -1 -1 0 0 -1 0 -1 -1 0 0 0
-1 -1 -1 -1 0 0 -1 -1 0 -1 -1 -1 -1 -1 0 0 -1 0 0 -1 -1 -1 0 0 -1 -1 -1 -1 0 0 -1 0 -1 0 0 0 0 -1 0 0 0 -1 0 -1 0 -1 0 -1 0 -1 0 0 -1 -1 0 -1 -1 0 -1 0
-1 0 -1 -1 -1 -1 0 -1 0 -1 -1 -1 -1 -1 -1 -1 0 -1 0 0 -1 -1 -1 0 -1 -1 -1 0 0 -1 0 -1 0 -1 -1 -1 -1 -1 0 -1 -1 0 -1 0 -1 -1 -1 0 -1 -1 0 -1 -1 0 0 -1 -1 0 -1 0
-1 0 -1 0 -1 0 0 -1 0 -1 0 -1 -1 0 0 0 -1 0 0 0 -1 0 -1 0 0 -1 0 -1 -1 0 -1 -1 -1 -1 -1 0 -1 0 -1 -1 -1 0 -1 0 0 -1 0 -1 0 -1 -1 0 -1 -1 -1 -1 -1 -1 -1 -1
-1 0 -1 -1 -1 0 0 -1 -1 -1 -1 0 -1 -1 0 0 -1 0 -1 -1 0 -1 -1 0 -1 -1 -1 0 -1 -1 0 0 -1 -1 -1 -1 -1 -1 -1 -1 -1 0 -1 -1 -1 0 -1 -1 -1 0 0 -1 -1 0 -1 0 0 -1 -1 -1
-1 -1 -1 0 -1 0 -1 -1 -1 0 0 0 -1 -1 0 -1 -1 -1 0 -1 0 0 -1 0 0 0 0 -1 -1 0 -1 0 0 -1 -1 -1 0 -1 -1 0 -1 0 0 -1 0 -1 0 -1 -1 -1 0 -1 -1 -1 -1 -1 0 -1 0 -1
0 0 0 0 0 0 -1 0 -1 -1 -1 -1 -1 -1 0 -1 -1 -1 0 0 -1 -1 -1 0 -1 -1 -1 -1 -1 -1 0 0 0 -1 0 0 -1 -1 -1 -1 0 -1 0 -1 -1 0 -1 -1 0 0 0 -1 -1 -1 -1 -1 0 0 -1 -1
-1 0 -1 -1 -1 -1 -1 -1 -1 0 -1 0 0 -1 -1 0 -1 -1 0 -1 0 0 0 -1 0 0 -1 0 -1 0 -1 -1 -1 -1 -1 0 -1 -1 -1 0 0 -1 0 -1 -1 -1 -1 0 0 -1 -1 0 0 0 -1 0 -1 0 0 0
-1 0 -1 -1 0 0 -1 -1 -1 -1 0 -1 -1 -1 0 -1 -1 -1 -1 -1 -1 -1 0 0 -1 -1 0 0 -1 -1 0 -1 0 0 -1 -1 0 -1 -1 -1 -1 0 -1 -1 0 0 -1 -1 -1 -1 0 0 -1 0 0 -1 -1 -1 -1 0
-1 -1 -1 0 -1 -1 -1 -1 -1 0 0 0 -1 -1 -1 -1 -1 0 -1 -1 -1 0 0 -1 0 -1 0 0 -1 0 -1 -1 0 -1 0 0 0 -1 0 -1 -1 0 0 -1 -1 -1 0 0 -1 -1 -1 0 -1 -1 -1 0 0 -1 -1 -1
0 0 -1 -1 0 0 0 0 -1 -1 0 -1 -1 -1 -1 -1 -1 -1 -1 -1 -1 -1 0 -1 0 -1 -1 -1 0 0 -1 -1 0 0 -1 -1 -1 0 -1 0 -1 -1 -1 0 -1 -1 -1 0 -1 -1 0 -1 -1 -1 -1 0 -1 0 -1 0
-1 -1 -1 0 -1 0 -1 -1 -1 0 -1 -1 -1 -1 0 -1 -1 -1 -1 0 0 -1 -1 -1 -1 -1 0 -1 0 0 0 -1 -1 -1 0 0 0 0 0 -1 -1 -1 -1 0 0 -1 -1 -1 0 -1 -1 0 -1 0 -1 -1 -1 -1 -1 -1
0 -1 -1 -1 -1 -1 0 0 -1 -1 0 0 -1 -1 -1 0 -1 0 -1 -1 -1 -1 0 0 -1 -1 -1 0 -1 -1 -1 0 -1 -1 0 0 -1 0 -1 -1 0 -1 0 -1 0 0 -1 -1 -1 0 -1 -1 0 0 0 0 -1 -1 -1 -1
-1 -1 -1 -1 0 -1 -1 -1 0 -1 -1 -1 -1 -1 -1 0 -1 0 -1 -1 0 0 -1 -1 0 -1 0 -1 -1 0 -1 -1 0 -1 0 0 0 -1 0 -1 -1 0 0 -1 -1 -1 -1 0 -1 -1 -1 0 -1 0 0 0 -1 0 0 -1
-1 -1 0 -1 0 0 0 0 0 -1 -1 0 0 0 -1 0 -1 -1 0 0 -1 -1 -1 -1 0 -1 0 -1 0 0 0 -1 0 -1 -1 -1 -1 -1 -1 -1 -1 -1 -1 0 -1 0 0 0 -1 0 -1 -1 0 0 -1 0 0 0 -1 0
0 -1 -1 -1 0 -1 0 -1 0 -1 0 0 0 -1 0 -1 0 -1 -1 -1 0 -1 -1 0 0 0 0 0 -1 0 0 -1 -1 -1 0 -1 -1 -1 0 0 -1 -1 -1 -1 -1 -1 0 0 0 -1 -1 -1 -1 -1 0 -1 -1 0 0 -1
0 -1 -1 -1 -1 -1 -1 0 -1 0 0 -1 0 -1 -1 0 0 0 -1 0 -1 -1 0 -1 -1 -1 0 0 -1 -1 -1 0 0 -1 -1 -1 0 -1 -1 0 0 0 -1 -1 -1 0 0 -1 -1 -1 -1 -1 -1 0 -1 -1 -1 -1 -1 0
-1 -1 -1 0 0 -1 -1 -1 0 -1 -1 -1 0 -1 -1 -1 -1 0 -1 0 0 -1 -1 0 0 -1 -1 -1 -1 -1 -1 -1 -1 -1 0 -1 -1 -1 -1 -1 0 0 0 -1 -1 0 0 0 -1 -1 -1 -1 0 -1 -1 -1 -1 -1 -1 0
-1 0 0 -1 -1 -1 -1 -1 -1 -1 0 -1 0 -1 -1 -1 -1 0 -1 -1 0 -1 0 0 -1 -1 -1 -1 0 -1 -1 0 -1 0 0 -1 -1 0 -1 0 0 0 0 -1 0 -1 -1 -1 -1 -1 -1 0 -1 -1 -1 -1 0 -1 0 0
-1 0 -1 -1 0 0 0 0 0 -1 -1 -1 0 -1 0 -1 -1 0 0 0 0 -1 0 -1 -1 0 -1 0 -1 -1 -1 -1 -1 0 0 0 -1 0 0 0 -1 -1 -1 -1 0 0 -1 0 -1 0 -1 0 0 -1 -1 0 -1 0 0 0
-1 -1 -1 0 -1 0 -1 0 -1 -1 -1 -1 -1 0 -1 -1 -1 0 -1 0 0 -1 -1 0 -1 -1 -1 0 -1 0 -1 0 -1 -1 -1 -1 -1 -1 -1 -1 0 -1 -1 -1 0 0 -1 0 -1 -1 -1 -1 -1 0 -1 0 0 -1 -1 -1
60
-6 -9 -8 0 4 0 -8 1 -8 2 0 9 0 0 8 5 0 0 -6 -10 6 -7 0 4 0 -8 0 0 0 -5 -6 0 6 0 0 8 0 -3 0 -9 10 -3 0 -2 0 2 0 0 7 0 -10 -4 3 0 -2 -5 0 -2 6 8 