60
60
-1 -1 -1 -1 -1 -1 -1 -1 -1 0 -1 0 -1 0 0 -1 -1 0 -1 -1 -1 0 -1 -1 0 0 -1 -1 -1 -1 4 0 -1 -1 0 -1 -1 -1 -1 -1 -1 -1 0 -1 -1 -1 -1 -1 -1 -1 -1 -1 -1 0 -1 0 -1 0 -1 -1
-1 -1 -1 -1 -1 -1 -1 -1 0 -1 -1 -1 -1 0 -1 0 -1 -1 -1 -1 -1 -1 -1 -1 0 -1 -1 -1 -1 -1 -1 -1 -1 -1 -1 0 -1 -1 -1 -1 -1 -1 0 -1 -1 -1 -1 -1 -1 -1 -1 -1 -1 -1 -1 -1 0 -1 -1 0
-1 0 -1 0 -1 0 -1 -1 0 0 0 -1 -1 -1 -1 -1 -1 0 -1 -1 -1 -1 -1 -1 0 0 0 -1 -1 -1 0 -1 -1 -1 -1 -1 0 0 -1 -1 -1 0 0 -1 -1 -1 -1 -1 -1 -1 -1 -1 -1 -1 -1 -1 -1 -1 -1 -1
-1 -1 -1 0 -1 -1 -1 -1 -1 0 -1 -1 0 -1 -1 -1 -1 -1 -1 0 -1 -1 -1 0 -1 -1 -1 -1 -1 -1 -1 -1 0 0 -1 -1 0 -1 -1 -1 -1 -1 -1 -1 -1 0 -1 0 -1 0 -1 -1 -1 -1 -1 -1 -1 -1 -1 -1
-1 -1 -1 -1 -1 -1 -1 -1 -1 0 0 -1 -1 -1 -1 -1 -1 -1 -1 0 -1 -1 -1 -1 -1 -1 -1 0 -1 -1 -1 -1 0 -1 -1 -1 -1 -1 -1 0 -1 0 -1 -1 -1 -1 -1 0 0 -1 -1 -1 -1 -1 -1 -1 0 -1 0 -1
-1 -1 -1 0 0 -1 -1 -1 -1 0 -1 -1 -1 0 -1 -1 -1 -1 -1 -1 -1 0 -1 -1 -1 -1 -1 -1 -1 -1 -1 -1 -1 -1 -1 -1 -1 -1 -1 0 -1 -1 -1 -1 -1 -1 -1 -1 -1 -1 -1 0 0 -1 -1 -1 0 -1 0 -1
0 -1 -1 -1 -1 0 -1 0 -1 -1 -1 -1 -1 -1 -1 -1 -1 0 0 -1 -1 -1 -1 -1 -1 -1 -1 -1 -1 -1 -1 -1 -1 -1 0 0 -1 0 -1 0 -1 -1 -1 -1 -1 -1 -1 -1 -1 -1 -1 -1 -1 -1 -1 -1 -1 -1 -1 -1
0 0 -1 -1 -1 -1 -1 -1 -1 -1 -1 -1 0 -1 0 0 -1 -1 -1 -1 -1 -1 -1 -1 -1 -1 0 -1 -1 -1 -1 0 -1 -1 0 -1 -1 -1 0 -1 -1 -1 -1 0 -1 -1 0 0 0 0 -1 -1 0 -1 -1 -1 0 -1 -1 -1
0 -1 -1 -1 0 -1 -1 0 -1 -1 -1 0 -1 0 0 0 -1 -1 -1 -1 -1 0 -1 -1 0 -1 0 -1 0 -1 -1 -1 0 -1 -1 -1 -1 -1 -1 -1 -1 -1 -1 -1 -1 0 -1 -1 -1 -1 -1 -1 -1 -1 -1 0 -1 -1 -1 -1
-1 -1 -1 -1 -1 -1 0 0 0 -1 -1 -1 -1 -1 -1 -1 -1 -1 -1 -1 -1 -1 -1 -1 -1 -1 -1 -1 -1 -1 -1 -1 -1 -1 -1 0 -1 -1 -1 -1 -1 -1 -1 -1 -1 -1 0 -1 -1 0 -1 -1 -1 -1 0 -1 -1 -1 -1 -1
0 -1 -1 -1 -1 -1 -1 0 -1 0 -1 -1 -1 -1 -1 -1 -1 0 -1 0 -1 -1 0 -1 -1 0 -1 -1 -1 -1 -1 -1 -1 -1 0 -1 0 -1 -1 -1 -1 -1 -1 -1 -1 -1 -1 0 -1 -1 -1 -1 -1 0 0 -1 -1 0 0 -1
-1 -1 -1 -1 -1 -1 -1 -1 -1 0 -1 -1 -1 -1 -1 -1 -1 -1 -1 -1 -1 0 -1 -1 -1 0 -1 -1 -1 -1 -1 -1 0 0 -1 -1 0 -1 0 0 -1 -1 -1 -1 -1 -1 0 -1 -1 -1 -1 -1 0 -1 -1 -1 -1 -1 -1 -1
-1 -1 -1 -1 -1 -1 -1 -1 -1 -1 -1 -1 -1 -1 -1 -1 -1 -1 -1 0 0 -1 -1 -1 -1 -1 -1 -1 -1 -1 -1 -1 -1 -1 -1 0 0 0 0 -1 -1 -1 -1 -1 -1 0 -1 0 0 -1 -1 0 -1 -1 -1 -1 -1 -1 -1 -1
0 -1 -1 -1 -1 -1 0 -1 0 -1 -1 0 -1 -1 0 -1 -1 -1 -1 -1 -1 -1 -1 -1 -1 -1 0 -1 -1 -1 -1 -1 -1 0 -1 0 -1 -1 0 0 -1 -1 -1 0 0 -1 -1 -1 0 -1 -1 -1 0 0 0 -1 0 0 -1 -1
0 -1 -1 -1 -1 -1 0 -1 -1 0 0 -1 0 -1 -1 -1 -1 0 -1 0 0 0 -1 0 0 -1 -1 -1 -1 -1 -1 -1 -1 -1 -1 -1 -1 0 -1 -1 -1 -1 -1 -1 -1 -1 -1 0 -1 -1 0 -1 -1 -1 0 -1 -1 0 0 -1
-1 -1 -1 -1 -1 -1 -1 -1 0 -1 -1 -1 -1 -1 0 -1 -1 -1 -1 -1 -1 -1 -1 -1 -1 -1 -1 0 0 -1 0 -1 -1 -1 -1 -1 -1 -1 -1 -1 -1 -1 0 -1 -1 -1 0 -1 -1 -1 -1 -1 -1 -1 -1 -1 -1 -1 -1 0
-1 -1 -1 -1 -1 -1 0 -1 -1 -1 -1 -1 -1 -1 -1 0 0 -1 -1 -1 0 -1 -1 0 -1 -1 -1 -1 -1 -1 -1 -1 -1 -1 -1 -1 0 -1 -1 0 -1 -1 0 -1 -1 0 -1 -1 -1 -1 -1 -1 -1 -1 -1 -1 -1 0 0 0
0 -1 0 -1 -1 -1 -1 -1 -1 -1 -1 -1 -1 -1 -1 -1 -1 -1 -1 0 -1 -1 -1 -1 0 -1 0 0 -1 0 -1 -1 -1 -1 -1 -1 -1 -1 -1 -1 -1 -1 -1 0 -1 -1 -1 -1 -1 0 0 -1 -1 -1 -1 0 -1 -1 -1 -1
-1 -1 -1 0 0 -1 -1 0 0 -1 -1 0 -1 -1 -1 -1 -1 0 0 -1 -1 -1 -1 -1 -1 -1 0 -1 -1 -1 -1 0 -1 -1 -1 -1 -1 -1 -1 -1 -1 -1 -1 -1 -1 -1 -1 -1 -1 -1 -1 0 -1 -1 -1 -1 -1 -1 -1 -1
-1 -1 -1 -1 -1 -1 -1 0 -1 -1 -1 -1 -1 -1 -1 0 0 -1 -1 -1 0 -1 -1 -1 -1 -1 -1 -1 -1 0 -1 -1 0 -1 0 -1 -1 -1 -1 -1 -1 -1 -1 -1 -1 -1 -1 -1 0 -1 -1 -1 -1 -1 -1 -1 0 -1 -1 -1
-1 -1 -1 -1 0 0 -1 -1 -1 -1 -1 0 -1 -1 -1 -1 -1 -1 -1 -1 0 -1 -1 -1 0 -1 -1 -1 0 -1 -1 -1 -1 -1 -1 -1 -1 -1 -1 -1 -1 -1 -1 -1 -1 0 0 -1 -1 -1 -1 -1 -1 -1 -1 -1 -1 -1 -1 -1
-1 0 -1 -1 -1 -1 -1 -1 0 -1 -1 -1 -1 -1 -1 -1 -1 -1 -1 -1 0 -1 -1 -1 0 -1 -1 0 0 -1 -1 -1 -1 0 -1 -1 -1 -1 -1 0 -1 -1 -1 -1 0 0 0 0 -1 -1 0 -1 -1 -1 -1 -1 -1 -1 -1 -1
-1 -1 -1 -1 -1 -1 0 -1 -1 -1 -1 -1 -1 -1 -1 -1 -1 -1 -1 -1 -1 -1 -1 -1 -1 -1 -1 -1 -1 -1 -1 -1 -1 -1 -1 -1 -1 -1 0 -1 -1 -1 -1 -1 -1 -1 0 -1 -1 -1 -1 -1 -1 0 -1 -1 0 -1 -1 -1
0 -1 -1 -1 -1 0 -1 -1 -1 -1 0 -1 -1 -1 -1 0 -1 -1 -1 -1 -1 -1 -1 -1 0 0 -1 0 -1 -1 0 -1 -1 -1 -1 -1 0 -1 0 0 -1 0 -1 0 -1 -1 -1 -1 -1 -1 -1 -1 -1 -1 -1 -1 -1 -1 -1 0
0 0 -1 -1 0 -1 -1 0 -1 -1 -1 -1 -1 -1 0 -1 -1 -1 -1 -1 -1 0 -1 0 -1 0 0 -1 0 -1 -1 -1 -1 -1 -1 -1 -1 -1 -1 -1 0 -1 -1 -1 -1 0 -1 -1 0 -1 -1 -1 -1 0 -1 -1 -1 -1 -1 -1
-1 0 -1 -1 0 -1 -1 -1 -1 -1 -1 -1 0 -1 -1 -1 0 -1 -1 -1 0 0 -1 -1 -1 -1 -1 -1 -1 -1 -1 -1 -1 0 -1 -1 0 -1 -1 -1 -1 0 0 0 -1 -1 -1 -1 0 -1 0 0 -1 -1 -1 0 -1 -1 -1 -1
-1 -1 -1 -1 -1 -1 -1 0 0 -1 -1 0 -1 -1 -1 -1 -1 -1 -1 -1 -1 -1 -1 -1 0 -1 -1 -1 0 0 -1 -1 -1 -1 -1 -1 -1 -1 -1 -1 -1 -1 -1 -1 -1 -1 -1 -1 -1 0 0 -1 0 -1 -1 -1 -1 0 -1 0
-1 -1 -1 0 -1 -1 -1 -1 -1 0 -1 0 -1 -1 0 -1 -1 -1 -1 -1 -1 -1 -1 -1 -1 -1 0 0 0 -1 -1 -1 -1 -1 0 -1 -1 -1 -1 -1 0 -1 0 0 -1 -1 0 -1 -1 -1 -1 0 0 0 0 -1 -1 -1 -1 -1
0 -1 -1 0 -1 -1 -1 -1 -1 -1 -1 -1 -1 -1 -1 -1 -1 0 0 -1 -1 -1 0 -1 -1 -1 -1 -1 0 -1 -1 -1 -1 0 0 0 -1 -1 -1 0 -1 -1 -1 -1 -1 -1 -1 -1 -1 0 -1 -1 -1 -1 -1 0 0 -1 -1 -1
-1 -1 -1 0 -1 0 -1 -1 -1 -1 -1 -1 -1 -1 -1 -1 -1 0 -1 0 -1 0 -1 0 -1 -1 -1 -1 -1 -1 -1 -1 -1 -1 -1 -1 -1 0 -1 0 -1 -1 0 -1 -1 -1 -1 -1 -1 -1 -1 -1 -1 -1 0 -1 0 -1 -1 -1
-1 -1 0 -1 0 -1 -1 0 0 -1 -1 -1 -1 -1 0 -1 -1 -1 -1 -1 -1 0 0 0 -1 -1 0 -1 0 -1 -1 -1 -1 -1 -1 -1 -1 -1 -1 -1 0 -1 -1 -1 -1 -1 -1 -1 -1 0 0 -1 0 0 -1 -1 -1 -1 -1 -1
-1 -1 -1 -1 -1 -1 -1 -1 -1 -1 -1 0 -1 -1 -1 0 -1 -1 -1 -1 -1 -1 0 -1 -1 -1 0 -1 -1 -1 0 -1 -1 -1 -1 -1 -1 -1 -1 0 0 -1 -1 0 -1 0 0 0 -1 -1 -1 0 -1 -1 -1 -1 0 -1 -1 -1
-1 -1 0 -1 -1 -1 0 -1 -1 -1 -1 -1 -1 0 -1 0 -1 -1 -1 -1 -1 -1 -1 -1 -1 -1 0 -1 0 -1 -1 -1 -1 -1 -1 -1 -1 -1 -1 -1 -1 0 -1 0 -1 0 -1 -1 -1 -1 -1 -1 -1 -1 -1 -1 0 -1 -1 -1
-1 0 0 -1 -1 -1 -1 -1 -1 -1 -1 -1 -1 0 0 0 -1 0 -1 0 -1 -1 0 -1 -1 0 -1 0 -1 -1 -1 -1 0 -1 -1 0 -1 0 -1 0 -1 -1 0 0 -1 -1 0 -1 -1 -1 -1 -1 -1 -1 -1 -1 -1 -1 -1 -1
-1 -1 -1 -1 0 -1 -1 -1 -1 0 0 -1 0 -1 -1 -1 0 -1 -1 -1 -1 -1 -1 0 0 -1 -1 -1 -1 -1 0 -1 -1 -1 -1 -1 0 -1 -1 -1 -1 -1 -1 -1 -1 -1 -1 0 -1 -1 0 -1 0 -1 0 0 -1 0 -1 0
0 -1 0 -1 -1 -1 0 0 -1 0 -1 -1 -1 0 -1 -1 0 -1 -1 0 -1 0 -1 -1 -1 -1 -1 -1 0 -1 -1 -1 -1 -1 -1 -1 -1 -1 0 -1 -1 -1 -1 -1 0 0 -1 -1 0 0 -1 -1 -1 0 -1 -1 -1 0 -1 -1
-1 -1 -1 -1 -1 -1 0 0 -1 -1 0 -1 -1 -1 -1 -1 -1 -1 -1 0 0 -1 -1 -1 -1 -1 -1 -1 0 -1 -1 -1 -1 0 -1 -1 0 -1 0 0 -1 -1 0 -1 -1 -1 0 -1 -1 -1 -1 -1 -1 -1 -1 -1 -1 -1 -1 -1
0 -1 -1 -1 -1 0 -1 -1 -1 -1 -1 0 0 0 0 -1 -1 -1 -1 0 -1 0 0 -1 0 0 -1 0 -1 -1 -1 -1 -1 -1 -1 -1 -1 -1 -1 0 -1 -1 0 0 -1 -1 -1 -1 0 -1 -1 -1 -1 -1 0 -1 -1 -1 -1 0
-1 -1 -1 -1 -1 0 0 -1 0 -1 -1 -1 -1 -1 0 0 -1 -1 -1 -1 0 -1 0 -1 -1 -1 -1 -1 -1 -1 -1 -1 -1 -1 0 -1 -1 -1 -1 0 -1 -1 -1 -1 -1 -1 -1 -1 0 0 -1 -1 -1 -1 -1 0 -1 0 -1 -1
0 -1 -1 -1 -1 -1 0 -1 -1 -1 0 -1 -1 -1 -1 -1 -1 -1 -1 -1 -1 0 -1 0 -1 0 -1 -1 -1 -1 -1 0 -1 -1 -1 -1 -1 -1 -1 -1 -1 -1 -1 0 0 -1 -1 -1 -1 -1 0 -1 -1 -1 -1 -1 -1 -1 -1 -1
-1 -1 0 -1 0 -1 -1 0 -1 -1 -1 -1 -1 -1 -1 -1 0 -1 -1 -1 -1 -1 -1 0 -1 -1 0 -1 -1 -1 -1 -1 0 0 -1 -1 -1 -1 0 -1 0 -1 -1 -1 -1 -1 -1 -1 -1 -1 -1 -1 0 -1 0 -1 -1 -1 -1 -1
-1 0 -1 -1 0 -1 -1 -1 -1 -1 -1 0 -1 0 -1 -1 -1 -1 -1 -1 -1 -1 -1 -1 -1 -1 -1 -1 -1 -1 0 -1 -1 -1 -1 -1 -1 -1 -1 -1 -1 -1 -1 0 -1 -1 -1 -1 -1 -1 -1 0 -1 -1 0 0 -1 -1 -1 -1
-1 -1 -1 -1 -1 -1 0 -1 -1 0 -1 0 -1 -1 0 -1 0 0 -1 0 -1 -1 0 -1 -1 0 -1 -1 -1 -1 0 -1 -1 0 -1 -1 -1 -1 -1 -1 -1 0 -1 -1 -1 -1 -1 0 -1 -1 -1 0 -1 -1 -1 -1 -1 -1 -1 -1
-1 -1 0 -1 -1 -1 -1 -1 0 -1 -1 0 -1 -1 -1 -1 0 -1 -1 -1 -1 -1 -1 -1 -1 -1 -1 -1 -1 0 -1 -1 -1 -1 -1 -1 0 0 -1 -1 0 -1 -1 -1 -1 -1 0 0 0 -1 -1 -1 -1 -1 -1 -1 -1 -1 0 -1
-1 -1 -1 -1 -1 -1 -1 -1 -1 0 0 -1 -1 0 0 -1 0 -1 -1 -1 -1 -1 -1 -1 -1 -1 -1 -1 -1 -1 -1 -1 -1 -1 -1 -1 -1 -1 -1 -1 -1 0 -1 -1 -1 -1 -1 -1 -1 -1 -1 0 0 -1 -1 -1 -1 -1 -1 -1
0 0 -1 -1 -1 -1 -1 -1 -1 -1 -1 -1 -1 -1 -1 0 0 -1 -1 -1 0 -1 -1 -1 -1 -1 -1 0 -1 -1 -1 -1 0 -1 -1 -1 -1 -1 -1 -1 -1 -1 -1 -1 -1 -1 -1 -1 -1 -1 -1 -1 0 -1 -1 -1 -1 -1 0 -1
-1 0 -1 -1 -1 -1 -1 -1 0 -1 -1 -1 -1 -1 -1 -1 -1 0 0 0 0 0 -1 0 -1 -1 -1 0 0 -1 -1 -1 -1 -1 -1 -1 -1 0 -1 -1 -1 -1 -1 0 -1 -1 -1 0 -1 0 0 -1 -1 0 -1 -1 -1 -1 0 -1
-1 -1 -1 -1 -1 0 -1 0 0 0 -1 -1 -1 -1 -1 -1 -1 -1 -1 -1 -1 -1 -1 0 -1 -1 -1 0 -1 -1 0 -1 -1 -1 -1 -1 0 -1 -1 0 -1 -1 -1 -1 -1 0 -1 -1 -1 -1 -1 0 -1 -1 0 -1 0 -1 -1 -1
-1 -1 -1 -1 -1 -1 -1 -1 0 -1 0 -1 -1 0 -1 -1 -1 -1 -1 0 -1 0 0 -1 -1 -1 -1 0 -1 0 -1 -1 -1 -1 -1 0 -1 -1 -1 -1 -1 -1 -1 -1 -1 -1 0 -1 -1 -1 -1 -1 -1 -1 -1 -1 -1 0 0 0
-1 0 -1 -1 -1 -1 -1 -1 0 -1 -1 -1 -1 -1 -1 -1 -1 -1 -1 -1 0 -1 -1 -1 -1 0 -1 -1 -1 -1 -1 -1 0 -1 -1 -1 -1 -1 0 -1 -1 -1 0 -1 -1 -1 0 -1 -1 -1 -1 -1 -1 -1 -1 -1 -1 -1 -1 -1
-1 -1 -1 -1 -1 -1 -1 -1 -1 -1 -1 0 -1 -1 -1 -1 -1 -1 -1 -1 -1 -1 -1 -1 -1 0 -1 -1 -1 -1 -1 -1 -1 -1 -1 -1 -1 -1 -1 -1 0 -1 -1 -1 -1 -1 -1 0 -1 -1 -1 -1 -1 -1 -1 -1 -1 -1 -1 -1
0 -1 -1 -1 -1 0 -1 -1 -1 -1 -1 0 -1 0 -1 -1 -1 -1 -1 -1 -1 -1 -1 -1 -1 -1 -1 -1 -1 -1 -1 -1 -1 -1 -1 -1 -1 0 -1 -1 -1 0 -1 0 0 -1 -1 -1 -1 -1 0 0 -1 -1 -1 -1 -1 -1 0 -1
-1 -1 -1 -1 -1 -1 0 -1 -1 0 -1 -1 -1 -1 -1 0 -1 0 -1 0 0 -1 -1 -1 -1 -1 0 -1 -1 -1 -1 -1 0 -1 -1 -1 0 -1 -1 -1 -1 -1 -1 0 -1 -1 -1 -1 -1 0 -1 -1 -1 -1 -1 -1 -1 -1 -1 -1
-1 -1 0 -1 -1 -1 -1 -1 -1 -1 -1 -1 -1 -1 -1 0 -1 -1 0 -1 0 -1 0 0 -1 -1 -1 -1 -1 -1 -1 0 -1 -1 -1 -1 -1 -1 -1 -1 0 -1 -1 -1 -1 -1 -1 -1 -1 -1 -1 -1 -1 -1 -1 -1 -1 -1 -1 -1
-1 -1 -1 0 -1 -1 -1 -1 0 -1 0 0 -1 -1 -1 -1 0 -1 -1 -1 -1 -1 -1 -1 -1 -1 -1 -1 -1 -1 -1 -1 0 -1 0 -1 -1 -1 0 -1 -1 -1 0 0 -1 0 -1 -1 -1 -1 -1 -1 -1 0 -1 0 -1 0 0 -1
-1 -1 -1 -1 -1 -1 -1 0 -1 -1 -1 -1 -1 -1 -1 0 -1 0 0 -1 -1 -1 -1 -1 -1 -1 -1 -1 -1 -1 -1 0 -1 -1 0 -1 -1 -1 -1 -1 -1 -1 -1 -1 -1 -1 -1 -1 -1 0 -1 -1 -1 -1 -1 -1 -1 0 0 0
-1 -1 0 -1 -1 0 -1 -1 -1 -1 -1 0 -1 -1 -1 -1 -1 -1 -1 -1 -1 -1 0 0 -1 0 0 -1 0 -1 -1 -1 -1 -1 0 -1 -1 -1 -1 -1 -1 -1 0 -1 -1 -1 -1 0 -1 -1 -1 -1 -1 -1 -1 -1 -1 0 0 -1
0 -1 -1 0 -1 -1 -1 -1 -1 -1 0 0 -1 -1 -1 -1 -1 -1 -1 -1 0 -1 -1 -1 0 0 -1 -1 -1 -1 -1 -1 -1 -1 0 -1 -1 -1 0 -1 0 -1 -1 0 -1 -1 -1 -1 0 -1 -1 -1 -1 -1 -1 -1 -1 -1 0 -1
-1 -1 0 -1 -1 0 -1 -1 0 0 -1 -1 0 -1 0 -1 -1 -1 -1 -1 -1 -1 -1 -1 -1 -1 -1 -1 0 -1 -1 -1 -1 -1 0 -1 0 -1 -1 0 -1 -1 -1 -1 -1 -1 -1 0 -1 0 -1 -1 -1 -1 -1 -1 -1 -1 -1 0
-1 -1 -1 -1 -1 -1 0 0 -1 -1 -1 -1 -1 -1 -1 -1 0 0 -1 -1 -1 -1 -1 0 -1 -1 -1 -1 0 -1 -1 -1 -1 0 -1 -1 -1 -1 -1 -1 -1 0 0 -1 -1 -1 0 -1 0 0 -1 -1 -1 -1 -1 -1 -1 0 -1 -1
60
6 7 -10 -2 -10 -7 8 2 -6 -6 0 3 1 9 -2 2 -4 0 0 3 6 0 3 2 2 9 -6 0 4 5 8 -3 0 0 8 -2 0 2 10 0 6 6 0 6 -8 4 5 9 -5 -9 9 -8 4 1 0 0 5 -5 2 -3 