60
60
0 -1 -1 0 0 0 0 0 0 0 0 0 0 0 -1 -1 0 0 0 -1 -1 0 0 0 -1 8 -1 0 0 -1 -1 0 0 -1 -1 0 0 0 0 0 0 0 0 0 -1 0 0 0 0 0 0 0 -1 0 0 0 0 0 0 -1
-1 -1 -1 0 -1 0 0 0 -1 0 0 0 0 -1 0 -1 -1 0 0 0 0 0 -1 0 0 -1 0 -1 0 0 -1 0 -1 0 0 0 0 0 0 0 0 -1 0 0 0 -1 0 -1 0 0 0 -1 0 0 0 -1 -1 0 0 0
0 0 0 -1 0 0 -1 -1 0 0 0 -1 -1 0 0 0 0 -1 -1 0 0 -1 -1 -1 -1 0 0 -1 -1 0 0 0 0 0 0 -1 0 0 -1 -1 0 -1 0 0 -1 0 -1 0 0 0 -1 0 0 -1 0 0 0 0 0 -1
0 0 -1 0 0 0 0 -1 -1 0 -1 0 0 0 -1 0 -1 0 0 0 0 0 0 -1 -1 0 0 0 -1 0 -1 0 0 0 -1 0 -1 0 0 -1 0 0 0 -1 0 0 0 0 0 -1 -1 -1 -1 -1 0 0 0 -1 -1 0
0 -1 0 0 0 -1 0 -1 0 -1 -1 -1 0 0 0 0 0 -1 0 0 0 0 -1 0 0 0 0 -1 -1 0 0 -1 0 0 0 -1 -1 -1 -1 0 0 0 0 0 -1 0 0 0 0 0 0 -1 0 0 0 0 0 0 0 0
0 0 0 -1 0 0 -1 0 -1 -1 0 0 -1 0 0 -1 0 0 0 0 0 0 0 0 0 0 -1 -1 0 -1 0 -1 0 -1 -1 0 0 -1 0 0 0 -1 -1 0 0 -1 -1 0 0 0 0 -1 0 0 0 -1 0 0 0 0
0 0 0 0 0 0 -1 0 0 0 0 -1 -1 0 -1 -1 0 0 0 -1 0 0 0 0 0 0 -1 0 0 0 0 -1 0 0 0 -1 0 0 0 0 0 0 0 0 -1 0 0 -1 0 0 0 -1 -1 0 0 0 0 -1 -1 -1
0 0 0 0 0 -1 -1 0 0 0 0 -1 0 0 -1 0 -1 -1 0 0 -1 0 0 -1 0 -1 0 0 0 0 -1 0 0 0 0 -1 0 0 0 -1 -1 0 0 0 0 0 0 0 0 -1 0 -1 0 -1 0 -1 0 -1 0 0
0 0 -1 0 0 0 0 0 0 0 -1 0 0 0 0 0 0 0 0 -1 0 0 0 0 -1 -1 0 0 0 0 0 0 0 0 0 0 0 -1 -1 -1 0 -1 0 0 -1 0 0 0 -1 0 0 0 0 0 -1 0 -1 0 0 0
0 0 -1 0 -1 0 0 -1 -1 -1 -1 -1 0 0 0 0 -1 0 0 -1 0 0 -1 -1 -1 0 0 0 -1 -1 0 0 0 0 0 -1 0 -1 -1 0 0 0 0 0 0 0 -1 -1 0 0 -1 -1 0 0 -1 0 0 0 0 -1
-1 0 0 -1 0 0 0 0 0 0 0 0 0 -1 0 0 -1 0 -1 0 0 -1 0 -1 -1 0 0 -1 0 -1 -1 -1 0 -1 -1 0 0 0 0 -1 0 0 -1 0 0 0 0 0 0 0 -1 -1 0 0 0 -1 -1 0 0 0
0 -1 0 0 -1 0 0 0 0 0 0 0 0 0 0 0 0 0 0 0 0 -1 -1 0 -1 0 0 0 0 0 -1 0 -1 0 0 0 -1 -1 -1 0 0 0 0 0 0 -1 0 0 0 -1 0 0 -1 0 0 0 -1 0 0 0
0 0 0 0 0 -1 0 0 -1 0 -1 0 -1 0 0 -1 0 0 0 -1 0 0 0 0 -1 0 -1 -1 0 0 -1 0 -1 0 0 0 0 -1 0 -1 0 0 -1 -1 0 0 0 0 0 0 0 -1 0 0 0 0 0 0 -1 -1
0 0 -1 -1 -1 -1 0 0 -1 -1 0 0 -1 0 0 0 0 0 -1 -1 -1 0 -1 0 -1 -1 -1 0 0 0 0 -1 0 0 -1 0 0 -1 0 -1 0 -1 0 -1 0 0 0 0 0 0 -1 0 -1 0 0 0 -1 -1 -1 0
0 0 -1 0 -1 -1 0 0 -1 0 0 0 -1 -1 0 0 0 0 0 -1 0 0 -1 0 0 -1 0 0 0 -1 0 0 -1 0 -1 0 -1 0 0 0 0 -1 0 0 0 0 0 0 0 0 -1 0 0 0 0 0 0 -1 0 -1
0 0 0 0 0 -1 0 0 -1 0 0 -1 0 0 0 -1 -1 -1 0 0 0 0 0 0 0 0 0 0 -1 0 -1 0 0 -1 0 0 -1 0 0 0 0 0 0 0 0 -1 0 0 -1 -1 0 0 -1 0 -1 0 0 0 -1 -1
-1 0 -1 0 0 0 0 -1 0 0 0 0 -1 0 0 0 0 0 0 -1 -1 -1 -1 0 -1 0 0 -1 0 -1 0 -1 0 0 0 0 0 0 -1 0 0 0 0 0 0 0 -1 0 -1 -1 -1 0 0 0 -1 0 0 -1 0 0
0 0 0 0 0 -1 0 0 0 -1 0 0 0 0 0 -1 0 0 0 -1 0 0 0 -1 -1 0 -1 -1 0 -1 -1 0 0 0 0 0 -1 0 0 0 0 0 0 0 0 0 -1 0 -1 -1 0 0 0 0 0 0 0 -1 -1 0
-1 0 0 -1 0 -1 0 0 -1 0 -1 -1 0 0 0 0 0 0 0 0 -1 0 0 -1 0 0 0 0 0 0 0 0 0 0 0 0 -1 0 -1 0 0 0 0 0 -1 0 -1 0 0 0 0 -1 0 -1 0 0 -1 0 0 0
0 0 0 -1 0 0 0 0 0 -1 -1 0 0 0 0 0 0 -1 0 -1 -1 -1 0 0 0 -1 0 -1 0 0 -1 0 0 0 -1 0 0 0 -1 0 -1 -1 0 0 -1 0 0 -1 0 0 0 0 0 0 0 0 -1 0 0 0
0 -1 0 0 0 0 0 0 0 0 -1 0 0 0 0 -1 0 0 0 -1 0 0 0 -1 0 -1 0 0 -1 -1 0 -1 0 0 0 -1 -1 0 0 0 0 0 0 0 -1 0 0 0 0 0 0 -1 0 0 0 0 0 0 -1 0
0 0 -1 0 -1 -1 -1 0 0 0 -1 0 0 -1 0 0 0 0 0 0 -1 -1 0 -1 -1 0 -1 0 -1 0 0 -1 0 0 0 0 0 0 0 0 0 0 0 0 0 0 0 0 -1 0 -1 -1 0 -1 -1 -1 0 -1 -1 0
0 0 -1 0 -1 0 0 0 0 -1 0 0 -1 0 -1 0 -1 0 0 0 0 0 -1 0 0 0 0 0 -1 0 -1 0 -1 0 -1 0 0 0 0 0 -1 -1 0 -1 0 0 -1 0 0 0 -1 0 -1 0 -1 0 0 0 0 0
0 0 0 -1 -1 0 -1 -1 -1 0 0 0 0 0 -1 -1 0 -1 -1 0 0 0 -1 0 0 0 -1 0 0 -1 0 0 0 -1 0 0 -1 -1 0 0 0 0 0 0 -1 0 0 0 0 0 0 0 0 0 -1 0 0 -1 0 -1
0 0 -1 0 0 0 -1 0 0 0 0 0 0 0 0 0 0 -1 -1 0 0 0 0 0 0 -1 0 -1 0 0 0 0 -1 0 0 0 -1 -1 0 0 0 -1 -1 0 0 0 -1 0 0 0 0 0 -1 0 -1 0 0 -1 0 0
-1 -1 0 0 0 -1 0 0 0 -1 0 -1 0 0 0 -1 0 0 0 0 0 0 0 -1 -1 -1 0 0 0 -1 -1 -1 0 0 -1 0 -1 0 0 0 0 0 -1 -1 0 0 0 -1 0 0 -1 0 0 0 0 0 0 0 0 0
0 -1 0 -1 -1 0 0 0 -1 -1 0 0 0 -1 0 0 0 0 0 0 0 0 0 0 0 0 0 -1 -1 0 0 -1 0 0 0 0 0 0 0 0 -1 0 0 -1 0 -1 -1 0 0 0 -1 -1 -1 -1 0 0 0 0 0 0
0 0 0 0 0 0 0 -1 0 -1 0 -1 0 0 -1 0 -1 -1 0 -1 -1 0 0 0 0 0 0 0 0 0 0 0 0 0 0 0 0 -1 0 -1 0 0 0 0 0 0 0 0 0 -1 -1 0 0 0 0 0 0 0 -1 -1
-1 0 -1 0 0 0 0 0 -1 0 -1 0 -1 0 0 0 0 0 -1 0 0 -1 -1 0 -1 0 -1 -1 0 0 -1 -1 -1 -1 -1 0 -1 -1 0 0 0 -1 -1 0 -1 -1 0 -1 -1 0 0 0 -1 -1 -1 0 0 0 0 0
0 0 -1 -1 -1 0 0 -1 0 0 0 0 0 0 -1 0 0 -1 0 0 0 0 0 0 -1 0 0 0 -1 0 -1 0 0 0 0 0 -1 0 0 -1 0 0 0 -1 0 -1 0 0 0 0 0 0 -1 0 0 -1 0 0 -1 -1
-1 0 0 -1 0 0 0 -1 0 0 0 0 0 0 -1 0 0 0 -1 0 -1 -1 0 0 0 0 0 -1 0 -1 0 -1 -1 0 0 0 0 0 -1 -1 0 -1 -1 -1 0 0 0 -1 0 -1 0 -1 0 0 0 0 0 0 0 0
0 0 0 0 -1 0 0 -1 -1 -1 0 0 0 0 0 -1 0 0 -1 0 0 0 0 0 0 0 0 0 0 0 -1 0 -1 0 0 -1 0 0 -1 0 0 0 0 -1 -1 0 0 0 -1 -1 0 0 -1 0 -1 0 -1 0 0 0
0 0 0 0 -1 0 0 -1 0 -1 0 0 0 0 0 0 -1 0 -1 0 -1 -1 -1 -1 -1 0 0 -1 0 0 0 -1 -1 -1 0 -1 0 0 0 0 0 0 0 -1 0 -1 -1 -1 0 0 0 0 0 0 0 0 -1 0 0 0
0 0 -1 -1 0 -1 -1 0 0 0 -1 0 0 0 0 0 -1 -1 0 0 0 0 0 0 -1 0 0 0 0 -1 -1 0 -1 0 0 0 0 0 0 0 -1 -1 0 0 -1 -1 0 0 0 -1 0 0 0 0 0 -1 -1 0 0 0
0 0 0 -1 -1 0 -1 0 0 -1 0 -1 -1 0 0 -1 0 -1 -1 0 0 0 0 0 -1 -1 -1 0 0 0 0 0 -1 -1 0 0 -1 0 0 0 0 -1 0 -1 0 -1 0 0 0 -1 -1 0 -1 0 -1 0 0 0 0 0
0 0 0 0 -1 0 0 -1 0 0 -1 0 0 0 0 -1 0 0 0 0 0 -1 -1 0 0 0 -1 -1 0 0 0 -1 -1 -1 -1 0 0 0 0 -1 0 0 0 0 -1 0 0 0 0 0 0 0 0 0 -1 0 -1 0 0 0
0 0 0 -1 0 0 0 -1 0 0 0 0 -1 0 0 0 -1 0 0 0 0 0 -1 0 0 0 -1 0 0 0 0 0 0 0 0 0 0 -1 0 0 0 -1 0 -1 0 0 0 -1 -1 -1 -1 0 -1 0 0 0 0 0 0 -1
0 0 -1 0 -1 0 0 0 -1 0 0 0 0 0 -1 0 0 0 0 0 0 0 0 -1 0 0 0 0 0 0 0 0 -1 -1 -1 0 0 -1 0 0 0 0 -1 0 0 -1 -1 0 -1 -1 -1 0 0 0 -1 0 0 0 -1 -1
-1 0 0 0 -1 -1 0 -1 -1 -1 0 0 0 0 -1 0 -1 0 0 0 0 -1 -1 -1 0 0 0 -1 -1 0 0 0 0 -1 0 0 0 -1 0 0 -1 -1 0 0 0 -1 -1 0 0 -1 0 -1 0 0 -1 -1 0 0 -1 -1
-1 -1 0 -1 0 0 0 0 -1 0 0 0 0 0 0 -1 0 0 -1 0 0 0 -1 0 -1 0 -1 0 -1 0 -1 -1 0 0 0 -1 0 0 0 0 -1 0 -1 0 0 0 -1 0 0 -1 -1 -1 -1 0 0 -1 0 0 -1 -1
0 0 -1 0 0 0 0 -1 -1 -1 -1 0 0 -1 0 0 0 0 0 0 0 0 0 0 0 -1 -1 0 0 0 -1 -1 0 0 0 0 0 0 -1 0 0 -1 0 0 -1 0 0 0 0 0 0 0 0 -1 0 0 0 0 -1 0
0 0 0 0 0 0 -1 0 0 0 -1 0 0 -1 0 0 -1 0 0 0 -1 -1 0 0 0 0 -1 0 -1 0 0 0 0 -1 0 0 -1 0 0 0 -1 0 0 0 -1 0 -1 -1 0 0 0 -1 -1 0 0 -1 0 0 0 -1
0 -1 0 -1 0 0 -1 -1 0 0 0 -1 0 -1 -1 0 0 -1 0 0 0 0 0 0 0 0 0 0 -1 -1 0 0 0 0 0 0 0 0 -1 0 0 0 0 -1 0 -1 0 -1 0 -1 0 -1 0 -1 -1 -1 -1 0 0 0
0 -1 0 -1 0 0 0 0 0 -1 0 0 -1 0 -1 0 0 -1 0 0 0 0 0 0 0 0 -1 -1 0 0 0 0 -1 0 -1 0 0 -1 -1 0 0 0 -1 0 0 -1 -1 -1 0 -1 -1 -1 0 0 0 0 -1 0 -1 0
0 0 0 0 0 0 0 -1 0 0 0 0 -1 0 0 0 0 0 0 0 -1 -1 0 0 0 -1 0 0 0 0 0 0 -1 -1 -1 0 0 0 0 -1 0 0 0 0 0 0 0 -1 -1 -1 0 0 0 -1 0 0 0 -1 0 0
0 0 -1 0 -1 -1 0 -1 -1 0 0 0 0 -1 0 -1 0 0 0 0 0 0 -1 0 0 0 0 0 0 0 0 0 0 0 -1 0 0 0 -1 0 -1 0 0 0 -1 0 0 -1 0 -1 0 0 0 0 0 0 0 -1 0 0
0 0 0 0 -1 -1 0 0 0 0 -1 0 -1 -1 -1 0 0 0 0 0 -1 0 0 -1 0 -1 -1 -1 0 0 0 0 0 0 -1 0 0 0 0 0 0 0 -1 0 -1 -1 0 0 -1 0 -1 -1 0 -1 0 -1 0 0 0 0
-1 0 0 0 0 0 -1 0 0 0 0 -1 -1 0 0 -1 -1 -1 0 -1 0 0 0 0 0 0 0 0 0 0 -1 0 0 0 0 -1 0 0 0 0 0 0 0 -1 0 0 0 0 0 0 0 -1 -1 -1 0 -1 -1 0 0 0
-1 -1 -1 -1 0 0 0 0 -1 0 -1 0 0 0 0 0 -1 0 0 -1 0 0 0 0 0 -1 0 0 -1 -1 0 -1 0 0 0 0 0 -1 0 -1 0 0 0 0 0 0 0 0 -1 0 0 0 0 0 0 0 -1 0 0 0
0 0 -1 -1 -1 -1 0 0 0 0 -1 0 0 0 0 0 0 0 0 -1 0 0 -1 0 0 0 0 0 0 -1 -1 -1 0 0 0 0 0 0 0 0 0 0 0 0 -1 0 0 0 0 0 0 -1 0 0 0 -1 0 -1 0 -1
0 0 0 0 -1 -1 0 0 -1 -1 0 0 -1 0 0 0 -1 -1 -1 0 0 -1 -1 0 0 0 0 -1 0 -1 0 0 0 0 0 0 0 0 -1 -1 0 0 0 0 -1 0 0 0 0 -1 0 -1 0 0 -1 0 0 0 0 0
0 0 0 0 0 0 0 0 0 0 0 0 0 0 0 0 0 0 -1 0 0 0 0 0 0 -1 -1 0 0 -1 0 0 0 0 -1 0 -1 0 0 0 0 0 0 -1 -1 0 -1 0 0 0 -1 0 0 0 0 0 -1 0 0 0
0 0 0 0 0 -1 0 0 -1 -1 0 -1 0 0 -1 0 0 0 -1 0 0 0 0 -1 0 0 0 0 0 0 0 -1 -1 -1 -1 -1 0 0 -1 0 -1 0 0 -1 0 0 0 0 -1 0 0 -1 0 -1 -1 0 0 0 0 0
0 0 -1 0 0 0 -1 -1 0 -1 0 0 -1 -1 -1 -1 0 0 0 0 0 0 -1 0 -1 -1 0 -1 0 0 -1 -1 0 0 0 0 -1 0 0 0 0 0 0 0 0 0 0 -1 -1 -1 0 0 0 0 0 0 -1 0 -1 0
0 -1 0 0 0 -1 0 0 0 0 0 0 -1 0 0 -1 -1 0 0 0 0 0 0 0 -1 0 0 -1 0 0 -1 -1 -1 0 0 -1 -1 -1 0 0 0 -1 0 0 0 0 0 0 0 0 -1 -1 0 0 -1 0 -1 -1 0 0
0 0 -1 0 0 0 0 -1 0 0 0 0 0 0 0 0 0 0 -1 -1 0 0 -1 0 -1 0 0 0 -1 -1 0 0 0 0 0 -1 0 0 0 0 -1 -1 -1 0 0 0 0 0 0 0 0 -1 0 0 0 0 0 0 0 -1
0 0 0 -1 0 0 0 0 0 0 0 0 0 0 0 -1 0 -1 -1 -1 -1 0 0 -1 0 0 -1 -1 -1 0 -1 0 -1 0 0 0 0 -1 0 0 -1 0 0 0 0 0 -1 0 -1 -1 0 -1 0 -1 0 -1 0 0 0 0
0 0 0 -1 0 0 0 0 -1 0 0 0 0 0 0 -1 -1 0 0 -1 0 -1 -1 0 0 0 0 -1 -1 0 0 -1 0 0 -1 0 0 -1 0 0 0 0 0 -1 0 -1 0 0 -1 -1 0 -1 0 -1 -1 0 0 0 0 0
0 -1 -1 0 0 0 -1 -1 0 0 -1 -1 0 -1 0 -1 0 0 0 0 0 -1 0 0 -1 0 0 0 0 0 -1 0 0 0 0 0 0 0 0 0 -1 -1 -1 0 0 -1 -1 -1 -1 0 0 -1 0 0 0 0 -1 0 0 0
0 0 -1 -1 0 -1 -1 0 0 0 -1 -1 0 0 -1 -1 0 -1 0 0 0 0 0 0 0 0 0 0 0 0 0 0 0 0 0 0 0 0 0 0 -1 0 -1 0 -1 0 0 -1 0 0 0 0 0 -1 0 0 0 0 -1 0
60
0 0 0 0 7 -2 -2 0 0 2 0 0 0 0 0 0 -9 0 0 0 0 0 0 0 0 0 0 0 0 0 2 10 3 0 1 8 -5 0 0 0 0 0 0 0 0 9 0 0 5 0 0 -3 8 0 1 0 4 0 10 0 