100
100
0 0 -1 0 -1 0 0 0 0 0 -1 -1 0 0 -6 0 -1 0 -1 0 0 0 0 0 0 0 0 0 0 0 0 0 -1 0 0 -1 0 0 -1 0 0 -1 0 0 0 0 -1 0 0 0 0 0 0 0 0 0 -1 0 0 -1 0 0 0 0 0 -1 0 0 0 0 0 -1 -1 0 -1 0 0 0 0 0 0 0 0 -1 0 0 -1 0 0 0 0 -1 0 -1 0 -1 0 0 0 0
0 -1 -1 0 0 0 0 -1 0 -1 0 -1 0 0 -1 0 0 0 -1 0 0 0 0 0 0 0 -1 0 -1 0 -1 0 0 0 -1 -1 -1 0 -1 0 -1 0 0 0 0 0 0 0 0 -1 0 0 -1 0 0 0 -1 0 0 -1 0 0 0 -1 0 0 0 0 -1 0 0 0 0 0 0 0 0 0 0 -1 -1 0 0 0 0 0 -1 -1 0 0 0 -1 0 -1 -1 -1 0 -1 0 0
0 -1 0 0 -1 0 0 -1 -1 -1 0 0 0 0 0 0 0 -1 0 0 0 -1 0 0 0 -1 0 0 0 0 -1 0 -1 0 0 0 0 0 0 0 0 0 0 0 -1 -1 -1 0 0 -1 -1 0 0 0 -1 -1 -1 0 -1 0 0 0 -1 -1 0 0 0 -1 -1 0 -1 -1 0 0 0 0 0 -1 0 0 -1 0 -1 -1 0 0 0 -1 0 0 0 0 0 0 0 0 -1 0 -1 0
-1 0 -1 0 -1 0 -1 -1 0 0 0 0 -1 -1 0 0 -1 0 0 -1 0 0 0 0 0 -1 -1 -1 0 0 -1 -1 0 -1 0 0 -1 -1 0 -1 0 0 0 0 0 0 0 0 0 0 0 0 -1 0 0 0 0 0 0 0 -1 -1 0 0 0 -1 0 0 0 0 -1 0 0 0 0 -1 0 0 0 0 0 0 -1 0 0 0 0 -1 0 0 0 -1 -1 -1 -1 0 -1 -1 -1 0
-1 0 -1 -1 -1 -1 0 -1 0 0 0 0 0 -1 0 -1 -1 0 0 0 0 0 0 0 0 0 0 -1 0 0 0 0 0 0 -1 0 0 -1 0 0 -1 0 0 0 0 0 0 0 0 0 0 -1 0 -1 0 -1 -1 0 0 0 0 -1 -1 0 0 -1 0 0 0 0 0 0 -1 0 0 0 0 0 0 -1 0 0 0 0 0 0 -1 0 0 0 0 -1 0 -1 0 -1 0 0 -1 0
0 -1 0 -1 0 0 -1 0 -1 0 0 0 0 0 0 -1 -1 0 0 0 -1 0 0 -1 0 -1 0 0 0 0 -1 0 0 0 -1 -1 0 -1 -1 0 0 -1 -1 0 0 0 0 -1 -1 0 -1 -1 0 0 0 0 0 -1 -1 0 0 -1 -1 0 0 0 0 0 0 0 -1 0 0 0 0 -1 0 0 -1 0 0 0 0 0 0 0 0 0 0 -1 0 0 0 -1 0 0 0 -1 0 0
0 0 0 0 0 -1 0 0 0 0 0 -1 -1 0 -1 0 0 0 -1 0 0 0 -1 -1 0 0 0 0 -1 -1 0 -1 0 -1 0 -1 -1 0 0 0 0 -1 0 0 0 0 0 -1 0 0 -1 0 -1 0 0 0 0 0 0 0 0 0 -1 -1 0 0 0 0 0 0 0 -1 0 0 -1 0 0 0 0 -1 0 0 0 0 -1 -1 -1 0 0 0 0 0 -1 -1 -1 0 -1 0 -1 0
0 -1 0 0 0 0 0 -1 -1 0 0 0 -1 0 -1 0 0 -1 0 0 0 0 0 0 0 0 -1 0 0 0 0 0 -1 0 0 -1 0 0 0 -1 0 -1 0 0 -1 0 0 0 -1 0 0 0 -1 0 -1 0 0 0 0 -1 0 0 0 0 -1 -1 -1 0 0 0 0 -1 -1 0 0 0 -1 0 0 0 0 0 -1 0 0 0 0 -1 0 -1 -1 0 0 0 0 -1 -1 0 0 0
0 0 -1 0 0 0 0 0 -1 0 0 0 0 0 0 0 0 0 -1 0 0 0 -1 -1 0 0 0 0 -1 0 0 0 0 0 0 0 0 0 0 -1 0 0 0 -1 0 -1 0 -1 0 -1 -1 0 0 0 -1 -1 0 0 -1 -1 0 0 0 0 0 0 0 0 0 0 0 0 0 0 0 -1 0 0 0 -1 0 -1 0 0 0 0 -1 0 0 0 -1 0 0 0 -1 -1 -1 0 0 0
-1 -1 0 0 0 0 0 -1 -1 0 0 0 0 0 0 0 0 0 0 0 0 -1 -1 0 0 0 0 -1 0 -1 0 -1 0 0 0 0 -1 0 0 -1 -1 0 -1 0 0 0 0 -1 -1 0 0 -1 0 -1 0 -1 -1 0 0 0 0 0 0 0 0 0 0 -1 0 0 0 0 -1 -1 0 -1 0 0 -1 0 0 0 0 0 0 0 0 0 0 -1 0 0 0 0 0 0 -1 -1 0 0
-1 -1 -1 -1 0 0 -1 0 -1 -1 0 -1 -1 0 0 0 -1 0 -1 0 0 0 -1 0 0 0 -1 0 0 0 0 0 -1 0 0 0 0 0 -1 0 0 -1 0 0 -1 0 -1 0 -1 0 -1 0 0 0 0 -1 0 0 0 0 -1 0 0 0 0 0 0 -1 0 0 0 0 -1 0 0 -1 -1 -1 0 0 -1 0 0 0 0 0 -1 0 0 0 0 0 0 -1 -1 -1 -1 0 0 0
0 0 0 -1 0 0 -1 0 0 -1 -1 0 -1 -1 0 0 0 0 -1 0 0 0 0 0 0 -1 0 0 0 0 0 0 0 0 0 0 0 -1 -1 -1 0 -1 0 0 0 0 0 -1 0 0 0 0 0 -1 0 0 -1 0 -1 0 -1 0 -1 0 -1 0 -1 0 0 0 -1 0 0 -1 0 0 0 0 -1 0 0 0 -1 0 0 0 0 0 -1 0 0 0 0 0 0 0 0 0 0 0
0 0 0 0 0 0 0 -1 0 0 -1 0 0 0 0 0 -1 0 0 -1 -1 0 0 0 0 0 0 0 0 -1 -1 0 0 0 0 0 0 -1 0 -1 0 0 0 0 -1 0 0 0 0 0 -1 -1 0 -1 -1 0 0 -1 0 -1 0 -1 -1 0 -1 0 -1 0 0 0 -1 0 0 0 0 -1 0 0 0 0 0 -1 0 0 -1 0 -1 0 0 0 0 0 0 0 -1 -1 0 -1 0 0
0 -1 0 -1 -1 0 0 -1 0 0 0 -1 0 0 0 0 0 0 -1 0 0 -1 -1 -1 -1 0 0 0 -1 -1 -1 0 0 0 0 0 0 0 0 -1 0 0 0 -1 0 -1 0 0 0 -1 -1 0 0 0 0 0 0 -1 0 0 -1 0 -1 -1 -1 -1 -1 0 -1 0 0 0 0 0 0 -1 -1 0 0 0 -1 -1 0 0 -1 0 0 0 0 -1 0 0 -1 -1 -1 -1 0 0 -1 -1
0 -1 -1 0 -1 0 -1 0 0 0 0 0 0 -1 0 -1 0 0 0 -1 0 0 0 -1 0 0 -1 -1 0 -1 0 0 0 0 0 0 0 0 -1 0 0 -1 0 -1 0 0 -1 0 -1 0 -1 0 -1 0 -1 -1 0 0 0 0 0 0 0 0 0 0 0 -1 0 -1 0 -1 0 -1 0 0 0 0 0 0 0 0 0 -1 0 0 0 -1 -1 -1 0 0 -1 0 0 0 0 0 0 0
0 0 0 0 0 -1 0 0 0 -1 0 0 0 -1 -1 0 -1 0 0 0 0 -1 0 0 0 0 0 0 0 -1 0 0 -1 0 0 0 0 0 0 0 -1 0 -1 0 0 0 -1 0 0 0 0 0 0 0 0 0 -1 -1 0 -1 -1 -1 -1 0 0 0 -1 0 0 0 -1 0 0 0 -1 0 0 -1 0 -1 -1 0 0 0 -1 0 -1 0 -1 -1 0 0 0 0 0 -1 -1 0 -1 -1
0 0 0 0 0 -1 0 0 0 0 0 0 0 -1 0 0 -1 -1 0 -1 -1 0 0 0 0 0 0 0 0 0 0 0 0 0 -1 0 -1 0 0 -1 0 0 0 -1 0 0 0 -1 -1 0 0 0 0 0 -1 -1 -1 -1 -1 0 -1 -1 0 0 0 0 0 0 -1 -1 0 0 0 -1 0 0 0 -1 -1 0 0 -1 0 0 -1 0 -1 -1 0 -1 0 -1 0 0 0 0 0 0 -1 -1
-1 0 0 0 0 0 -1 -1 0 -1 -1 0 0 0 0 0 0 0 0 0 0 0 0 0 0 -1 0 0 0 0 0 -1 0 0 0 0 0 0 0 0 -1 0 0 -1 0 -1 0 0 0 0 0 0 -1 -1 0 -1 -1 -1 0 -1 -1 -1 0 -1 0 0 0 0 0 0 0 -1 0 0 0 0 0 0 0 0 -1 0 0 0 -1 -1 0 0 -1 0 -1 -1 0 0 0 0 0 -1 -1 -1
0 0 0 0 -1 -1 -1 0 0 -1 -1 -1 -1 0 0 0 0 0 -1 -1 0 -1 0 0 -1 0 0 -1 0 0 -1 0 0 -1 0 0 -1 -1 0 0 -1 -1 0 0 -1 0 0 0 0 0 -1 0 0 0 0 0 0 0 0 -1 -1 -1 0 0 -1 -1 0 0 0 0 -1 0 0 0 0 0 -1 -1 -1 0 0 0 0 0 0 0 0 -1 -1 0 -1 0 -1 0 0 -1 0 0 0 -1
0 0 0 0 -1 0 0 0 -1 0 0 0 0 0 0 -1 0 -1 0 -1 0 -1 -1 -1 0 -1 0 0 0 0 -1 -1 0 0 0 0 -1 0 0 0 0 -1 0 -1 0 0 0 0 0 0 0 -1 0 0 0 -1 0 0 -1 0 0 0 -1 0 0 0 -1 0 0 0 -1 -1 0 -1 0 0 0 -1 -1 0 -1 0 0 0 0 0 0 0 0 0 0 -1 0 0 0 0 0 0 0 -1
-1 0 0 -1 -1 -1 -1 0 0 0 -1 0 -1 -1 0 0 0 0 -1 -1 -1 0 0 -1 0 0 0 0 0 -1 0 0 0 -1 0 0 0 -1 0 0 -1 0 0 0 0 0 0 0 -1 0 0 0 -1 0 0 -1 0 -1 0 0 -1 0 0 0 -1 0 0 0 -1 0 0 0 -1 0 -1 -1 0 0 0 0 0 0 0 0 0 -1 0 0 -1 -1 0 0 0 -1 0 -1 0 0 0 0
-1 -1 -1 0 -1 0 0 0 0 0 0 0 0 0 -1 0 -1 0 -1 -1 -1 0 0 0 0 -1 -1 0 -1 0 0 0 -1 0 -1 0 -1 0 0 0 0 0 0 -1 0 0 -1 -1 0 0 0 -1 0 0 -1 0 0 0 0 0 0 0 -1 -1 0 0 -1 0 0 0 0 0 -1 0 -1 -1 -1 0 0 0 0 0 0 -1 0 0 0 -1 0 0 -1 0 0 0 -1 0 0 -1 -1 -1
0 0 -1 0 0 0 0 0 -1 0 0 0 0 -1 -1 0 -1 -1 -1 0 0 -1 -1 -1 0 0 0 -1 0 -1 0 0 -1 0 0 -1 -1 0 -1 0 0 -1 -1 -1 -1 -1 -1 0 0 0 0 0 0 -1 0 0 0 0 0 -1 -1 0 -1 -1 -1 0 -1 0 0 0 -1 -1 0 0 0 0 0 0 0 0 -1 0 0 -1 0 -1 0 0 0 0 0 0 0 0 0 0 0 0 -1 0
0 0 0 -1 0 0 0 0 0 0 0 0 -1 -1 0 -1 0 -1 0 0 0 0 0 0 0 0 0 -1 0 0 0 -1 0 -1 0 0 0 -1 -1 -1 0 0 -1 -1 -1 0 0 0 -1 -1 0 -1 0 0 -1 0 0 0 -1 0 0 -1 0 0 -1 0 0 0 0 0 -1 0 0 -1 0 -1 0 0 0 0 0 -1 0 -1 0 0 0 0 -1 -1 -1 0 0 0 -1 -1 -1 -1 0 0
0 0 0 0 0 0 -1 -1 0 -1 -1 -1 0 0 0 -1 0 0 0 -1 -1 0 0 0 0 0 0 0 -1 0 -1 -1 0 0 0 0 0 0 0 0 0 -1 0 0 0 0 0 0 0 0 -1 0 -1 -1 0 0 0 -1 0 0 0 -1 0 -1 -1 0 -1 0 -1 0 0 0 0 -1 -1 -1 -1 0 0 0 0 -1 -1 0 0 -1 -1 -1 -1 -1 0 0 0 0 0 0 0 0 -1 -1
0 0 0 0 0 0 0 -1 -1 -1 0 0 0 0 0 0 -1 -1 -1 0 0 0 0 0 0 0 0 0 0 -1 0 0 0 0 -1 0 0 0 0 0 -1 0 -1 0 0 0 0 -1 0 0 0 0 0 0 0 0 -1 -1 -1 -1 0 0 0 0 -1 0 0 0 -1 0 0 0 -1 0 0 0 -1 0 0 0 0 -1 -1 -1 -1 0 0 -1 -1 0 0 -1 -1 -1 0 0 0 0 -1 0
0 -1 0 0 0 0 -1 0 -1 0 -1 0 0 0 0 -1 -1 -1 -1 -1 0 0 -1 0 -1 -1 -1 -1 -1 0 0 -1 0 0 0 0 0 0 -1 -1 -1 -1 0 -1 0 0 0 0 0 0 0 0 0 0 -1 0 -1 0 0 0 -1 0 0 -1 -1 0 -1 0 0 0 0 0 0 0 0 0 0 -1 0 0 0 0 -1 0 0 -1 0 0 0 -1 0 0 0 -1 -1 0 0 -1 0 -1
-1 0 0 0 0 0 0 0 0 0 0 0 0 -1 0 0 -1 0 0 -1 -1 0 -1 0 0 0 0 0 0 0 0 0 -1 0 0 0 0 0 0 0 0 0 0 0 -1 0 0 0 0 0 -1 0 -1 0 0 0 0 -1 -1 0 0 0 0 -1 0 0 -1 0 0 -1 -1 -1 0 0 0 -1 0 0 0 0 0 0 0 0 0 0 0 0 0 0 0 -1 0 0 -1 0 0 0 0 0
0 -1 0 0 0 0 0 0 0 -1 -1 -1 0 0 0 -1 0 0 0 0 0 0 0 -1 0 0 0 0 -1 0 0 0 0 0 0 -1 -1 0 -1 0 0 0 0 0 0 0 -1 0 -1 -1 -1 0 -1 0 0 0 -1 0 -1 -1 0 -1 -1 0 0 0 -1 -1 0 0 0 0 0 -1 0 0 -1 0 -1 -1 0 0 0 0 0 -1 0 -1 -1 0 0 0 0 0 -1 0 0 0 0 -1
-1 0 0 -1 0 0 0 -1 0 -1 -1 0 -1 0 0 0 0 0 0 -1 -1 0 0 0 0 0 0 0 -1 0 0 -1 0 0 0 0 0 0 -1 -1 0 0 0 -1 0 0 0 -1 0 0 -1 0 -1 -1 0 0 0 0 0 0 0 0 0 0 0 0 0 0 0 0 0 -1 0 -1 -1 -1 0 0 0 0 -1 0 0 -1 0 0 0 -1 -1 0 0 -1 0 -1 0 0 0 0 0 0
0 0 -1 0 0 0 0 0 0 -1 0 0 -1 -1 -1 -1 -1 0 -1 0 0 0 -1 0 0 0 0 -1 0 0 -1 -1 -1 0 0 -1 0 0 -1 0 0 0 0 -1 -1 -1 -1 0 0 -1 0 -1 0 -1 -1 0 0 -1 0 0 0 0 -1 0 0 -1 0 0 -1 -1 0 0 0 0 0 0 0 0 0 0 0 -1 -1 0 0 0 -1 0 0 0 0 0 0 0 0 0 0 -1 0 0
0 -1 0 0 0 -1 0 0 0 -1 0 0 0 -1 -1 -1 0 0 0 -1 0 -1 0 -1 -1 0 -1 0 0 0 0 0 0 -1 0 -1 0 0 -1 0 0 -1 0 0 0 0 0 0 -1 -1 0 -1 0 0 0 0 0 -1 -1 0 0 0 0 -1 -1 0 0 -1 0 0 -1 0 0 -1 0 0 0 0 0 0 0 0 -1 -1 -1 0 0 0 0 -1 -1 0 0 -1 0 0 0 0 0 0
0 0 0 0 0 -1 -1 0 0 0 -1 0 0 0 0 0 0 0 -1 0 -1 0 -1 0 -1 0 -1 0 0 -1 -1 0 -1 0 0 0 0 0 0 0 0 -1 0 -1 -1 0 0 0 0 -1 -1 -1 0 0 -1 0 0 0 0 0 0 0 -1 0 0 0 0 -1 0 -1 -1 0 0 0 0 0 0 0 0 -1 -1 0 0 0 0 0 0 0 0 -1 0 0 0 -1 -1 0 0 -1 0 -1
-1 -1 0 -1 0 0 -1 0 0 0 0 0 0 -1 -1 -1 0 0 0 -1 0 0 -1 0 0 0 0 0 0 -1 -1 0 0 0 0 0 -1 0 -1 0 0 -1 0 0 0 -1 -1 0 0 0 -1 0 -1 0 0 0 0 -1 -1 -1 0 -1 0 -1 0 0 -1 0 0 0 -1 0 0 0 -1 -1 -1 -1 -1 0 -1 -1 -1 -1 0 0 0 0 0 0 0 0 0 0 0 0 0 0 -1 0
0 -1 0 0 0 -1 0 0 -1 0 -1 0 -1 -1 0 -1 0 0 0 0 0 0 0 0 0 0 0 0 0 0 -1 -1 0 0 0 -1 0 -1 -1 0 -1 0 0 0 0 -1 -1 0 0 0 0 -1 -1 -1 -1 0 0 0 0 -1 0 0 0 0 0 0 0 -1 0 0 0 0 0 -1 0 0 0 0 0 -1 -1 0 0 0 -1 0 0 -1 0 0 0 -1 -1 0 -1 0 0 -1 0 -1
0 0 0 0 0 -1 0 0 -1 -1 0 0 0 0 0 -1 -1 0 0 0 0 0 0 0 0 0 0 0 -1 -1 0 0 0 0 0 0 0 -1 0 0 0 0 0 0 0 0 0 0 -1 0 0 0 0 0 0 -1 0 -1 0 0 0 0 0 -1 0 0 -1 -1 -1 0 0 0 0 -1 0 0 0 -1 -1 0 0 0 0 -1 0 0 0 0 0 0 -1 0 0 -1 0 0 0 0 0 0
0 0 -1 -1 0 0 0 0 0 0 -1 0 -1 0 0 0 -1 0 0 0 0 0 0 -1 -1 -1 0 0 0 -1 0 -1 -1 0 0 -1 0 0 0 0 0 -1 0 0 0 0 0 -1 0 -1 0 0 0 0 0 0 0 0 -1 -1 -1 0 -1 0 0 0 -1 0 0 0 0 0 0 -1 0 -1 0 0 -1 -1 -1 -1 0 0 0 0 -1 0 0 -1 0 0 0 0 -1 0 0 0 -1 -1
-1 0 0 0 0 0 -1 -1 0 -1 0 0 0 0 -1 0 -1 0 -1 -1 0 0 0 -1 -1 -1 0 -1 0 0 0 0 -1 0 0 0 0 -1 0 0 0 0 0 0 -1 0 0 -1 0 0 0 0 -1 0 0 0 0 -1 0 0 -1 0 -1 0 -1 0 -1 0 0 0 -1 0 -1 -1 0 0 -1 0 0 0 0 0 0 0 -1 0 0 0 -1 0 0 -1 0 -1 0 0 0 -1 -1 0
0 0 0 0 0 0 0 0 0 0 0 0 0 0 -1 0 0 -1 -1 0 -1 0 0 0 -1 0 0 0 0 -1 0 0 0 -1 0 -1 -1 0 0 -1 0 -1 0 0 -1 -1 -1 -1 0 0 0 0 0 0 0 0 0 0 0 -1 0 -1 -1 0 0 0 0 0 0 0 0 0 -1 -1 -1 -1 -1 0 -1 0 -1 0 0 0 -1 0 0 -1 0 0 0 -1 -1 -1 -1 0 0 -1 0 0
0 0 0 -1 0 0 0 -1 0 0 0 0 0 0 0 0 -1 0 -1 0 -1 -1 0 -1 0 0 0 0 0 0 0 -1 -1 0 0 0 0 -1 -1 -1 0 0 -1 0 -1 0 -1 0 -1 -1 -1 0 0 0 0 -1 0 -1 0 0 0 0 0 0 0 0 0 0 0 0 0 0 0 0 0 0 0 0 0 -1 0 0 -1 0 0 0 0 0 0 0 0 0 -1 0 0 0 0 0 0 0
0 0 0 0 0 0 0 -1 -1 -1 0 0 0 0 -1 -1 0 0 0 0 0 0 -1 -1 0 0 0 0 0 0 0 0 0 -1 0 0 0 -1 -1 -1 0 0 -1 0 0 0 -1 0 0 0 -1 -1 -1 0 0 0 -1 0 -1 0 0 -1 0 0 -1 0 -1 0 0 -1 -1 -1 0 0 0 0 0 -1 0 0 0 0 0 0 0 -1 0 -1 0 0 0 -1 0 0 0 0 0 -1 0 0
0 -1 0 0 -1 0 0 0 0 0 -1 0 0 0 0 0 0 0 0 0 0 0 0 0 -1 -1 0 0 -1 -1 0 0 -1 0 0 0 0 0 0 0 0 -1 0 0 0 -1 0 0 0 0 0 0 0 0 0 0 -1 0 -1 0 -1 -1 0 0 0 0 0 -1 0 -1 0 -1 0 0 0 0 0 0 0 0 -1 0 0 0 0 0 -1 -1 0 0 -1 0 0 0 0 0 -1 0 0 0
-1 0 0 0 0 0 0 -1 0 0 -1 0 0 0 -1 0 0 0 0 -1 0 -1 0 0 0 0 -1 0 0 -1 0 -1 0 -1 0 0 -1 0 -1 0 -1 0 -1 -1 0 0 0 0 -1 0 -1 0 0 0 0 -1 0 0 0 0 -1 -1 -1 -1 0 0 -1 0 0 0 0 -1 -1 0 0 0 0 -1 0 0 0 0 0 0 0 -1 0 0 -1 -1 0 -1 0 -1 0 -1 0 -1 0 0
0 -1 0 0 0 0 -1 0 0 0 0 0 -1 0 0 0 0 0 0 -1 0 0 0 0 0 0 -1 0 0 0 0 0 -1 0 -1 0 0 0 0 0 0 0 -1 0 0 0 0 0 0 0 -1 -1 -1 0 0 0 -1 0 -1 0 -1 0 -1 0 0 -1 0 -1 0 0 0 0 -1 0 0 0 0 0 0 0 0 -1 0 0 -1 -1 0 -1 -1 0 0 -1 -1 0 0 0 0 -1 0 -1
0 0 0 0 0 0 0 0 -1 0 0 0 -1 0 -1 0 -1 -1 0 0 -1 0 -1 0 0 0 0 0 -1 0 0 -1 0 0 0 0 -1 0 -1 -1 0 0 0 0 -1 0 0 0 0 -1 -1 0 0 -1 0 0 0 0 -1 -1 -1 -1 0 0 0 0 0 0 0 -1 -1 0 0 0 0 0 0 -1 0 0 0 -1 0 -1 -1 0 0 0 0 -1 -1 0 0 0 0 -1 0 -1 -1 0
0 0 0 -1 0 0 -1 0 0 -1 0 -1 -1 -1 0 0 0 0 0 -1 -1 0 -1 0 -1 0 -1 0 0 -1 0 0 -1 -1 -1 0 0 0 -1 0 0 0 0 0 0 0 0 -1 -1 0 -1 0 0 -1 0 0 0 0 0 0 0 0 0 0 0 0 0 -1 0 -1 0 0 -1 0 -1 0 0 -1 0 0 0 0 0 0 0 -1 0 0 0 0 0 0 -1 0 -1 -1 -1 -1 -1 0
-1 -1 0 -1 0 0 0 0 0 -1 0 0 -1 0 0 0 0 0 0 0 0 0 -1 -1 0 0 0 0 0 0 -1 -1 0 0 0 0 0 0 0 -1 0 0 -1 0 0 0 -1 0 0 -1 -1 -1 -1 0 -1 0 0 0 -1 0 -1 -1 0 -1 0 0 0 0 0 0 0 0 0 -1 0 0 0 -1 -1 0 -1 0 -1 0 0 0 -1 0 0 0 0 0 -1 0 -1 0 0 0 -1 -1
0 0 0 0 0 0 -1 0 -1 0 0 0 -1 -1 -1 -1 0 -1 0 0 0 0 0 0 0 -1 0 0 -1 0 -1 0 0 0 0 0 0 0 0 0 0 0 0 -1 -1 0 -1 0 0 0 0 0 -1 -1 -1 -1 0 0 0 0 0 0 0 0 -1 0 0 -1 0 -1 0 0 0 0 0 0 -1 -1 0 0 -1 -1 0 0 -1 0 0 0 -1 0 -1 0 0 0 0 0 0 0 -1 -1
0 0 0 0 0 0 0 0 0 0 0 -1 -1 0 0 0 0 0 0 0 0 -1 -1 -1 0 -1 0 0 0 0 0 0 0 -1 -1 0 0 0 0 -1 0 0 -1 -1 0 0 0 0 -1 -1 -1 0 0 0 0 0 -1 -1 0 -1 0 -1 0 -1 0 0 0 0 0 -1 0 -1 -1 0 -1 -1 -1 0 0 -1 0 -1 -1 0 0 0 0 0 0 -1 0 -1 -1 0 0 0 0 0 -1 0
-1 -1 -1 0 0 0 0 0 -1 -1 0 -1 0 -1 0 -1 0 -1 0 -1 0 0 0 -1 0 0 -1 0 -1 -1 0 0 -1 -1 0 0 0 -1 0 0 -1 0 -1 0 0 0 0 0 0 0 0 -1 0 0 -1 0 0 -1 0 0 0 0 -1 0 -1 0 -1 0 0 0 0 0 -1 0 0 0 0 0 -1 0 -1 -1 -1 0 -1 0 0 0 0 0 0 0 -1 0 -1 -1 -1 0 0 0
0 -1 0 -1 0 0 0 0 0 0 0 -1 -1 0 -1 0 0 0 0 0 0 0 0 0 -1 0 -1 0 0 0 0 -1 -1 0 0 0 0 0 0 0 -1 0 -1 -1 0 0 0 0 0 0 -1 0 0 0 -1 -1 0 -1 -1 0 0 0 0 -1 -1 0 -1 0 -1 0 0 0 0 0 -1 0 0 0 0 0 0 0 0 0 0 0 0 0 -1 0 0 0 0 0 0 0 0 -1 0 0
0 0 0 0 -1 0 0 0 -1 0 -1 0 0 0 0 -1 0 0 0 0 -1 -1 0 0 0 0 -1 0 -1 0 0 0 -1 0 0 0 0 0 -1 0 0 0 0 0 0 0 0 -1 0 0 -1 0 0 0 0 -1 0 -1 0 -1 0 0 0 -1 0 0 0 0 0 -1 -1 -1 0 0 -1 0 0 -1 0 0 -1 0 0 0 0 0 0 -1 -1 -1 0 0 0 0 0 0 -1 0 -1 0
-1 0 0 0 0 0 -1 -1 -1 -1 -1 0 0 -1 -1 -1 0 0 0 -1 0 0 -1 0 0 -1 -1 0 0 -1 -1 0 0 0 0 0 0 0 0 0 0 0 -1 0 0 0 0 0 0 -1 -1 -1 -1 -1 0 0 -1 -1 -1 0 0 0 -1 0 0 0 -1 0 -1 0 0 -1 0 0 0 0 0 0 -1 -1 0 -1 0 0 -1 0 0 -1 0 0 0 0 0 0 0 -1 0 0 -1 0
0 0 0 -1 0 0 -1 0 0 -1 0 -1 0 0 -1 0 -1 0 0 0 -1 0 -1 -1 0 0 0 0 0 0 0 -1 0 -1 0 0 0 -1 -1 0 0 0 -1 0 0 -1 0 0 0 0 0 0 0 -1 0 0 -1 0 0 -1 0 0 -1 -1 0 0 0 -1 -1 0 -1 0 -1 -1 0 -1 0 0 0 0 0 -1 -1 0 -1 0 0 0 0 -1 0 -1 -1 0 0 -1 0 -1 0 0
-1 0 0 -1 0 0 -1 0 0 -1 0 0 0 0 0 0 0 0 0 -1 -1 0 0 -1 0 0 0 0 0 0 0 0 0 0 0 -1 0 0 0 0 -1 -1 0 0 0 0 0 0 0 0 0 -1 -1 -1 0 -1 -1 0 -1 0 0 -1 -1 -1 0 0 0 0 -1 0 0 0 -1 0 0 0 0 0 0 -1 0 -1 0 0 0 0 0 0 -1 0 0 0 0 0 0 -1 0 -1 0 0
0 -1 0 0 -1 -1 0 0 -1 0 0 0 -1 0 -1 0 0 0 -1 0 0 0 -1 0 0 0 -1 -1 -1 -1 0 0 0 0 0 0 0 0 -1 0 0 0 0 0 0 0 0 0 -1 0 -1 -1 0 0 -1 0 0 0 0 0 0 0 -1 0 -1 0 0 0 0 -1 0 0 0 0 0 0 -1 0 -1 0 -1 0 0 0 -1 0 0 0 0 -1 -1 -1 -1 0 0 0 0 0 0 0
-1 0 0 0 -1 -1 -1 0 0 0 0 0 0 -1 0 0 0 -1 0 0 0 -1 0 0 -1 -1 0 0 -1 0 -1 0 0 0 -1 0 0 0 0 0 -1 0 0 -1 0 0 0 0 -1 0 0 0 -1 -1 -1 0 0 0 0 0 0 0 0 0 -1 0 -1 0 -1 -1 -1 0 -1 0 -1 0 0 0 0 0 0 -1 0 0 0 0 -1 0 0 -1 0 -1 0 0 0 0 0 0 -1 0
-1 0 0 -1 0 0 0 0 -1 0 0 -1 0 0 -1 0 0 0 0 0 -1 0 0 -1 0 0 -1 -1 0 0 -1 -1 0 0 0 0 -1 0 0 0 0 0 0 0 -1 0 0 -1 0 -1 -1 0 0 0 0 -1 0 0 -1 0 0 -1 0 0 -1 -1 -1 0 -1 0 0 -1 0 0 0 0 -1 0 -1 0 0 0 0 -1 0 0 -1 -1 0 0 0 0 0 -1 -1 0 -1 0 0 -1
0 0 0 -1 0 0 0 0 0 0 -1 0 -1 0 0 0 0 -1 -1 0 0 -1 -1 -1 0 0 0 -1 0 0 0 0 0 0 -1 0 -1 0 0 0 0 -1 0 0 0 0 0 0 -1 -1 0 0 0 -1 0 0 0 0 -1 0 0 0 0 -1 0 0 -1 0 -1 0 0 0 -1 0 0 -1 0 0 0 0 0 -1 0 0 0 0 0 0 0 0 0 -1 0 0 0 0 0 0 0 0
0 0 -1 0 0 -1 0 0 -1 0 0 -1 0 -1 -1 -1 0 0 0 -1 0 -1 -1 -1 -1 0 0 -1 0 0 0 0 0 0 0 -1 -1 -1 0 -1 -1 -1 0 0 0 0 0 0 0 0 0 0 0 -1 0 0 0 0 0 0 -1 0 0 0 0 0 -1 0 -1 0 0 0 0 0 -1 -1 0 0 0 0 0 -1 -1 -1 0 0 0 0 0 0 -1 0 0 0 -1 -1 0 -1 0 0
0 0 -1 0 0 0 0 0 -1 -1 0 0 0 -1 0 0 0 0 -1 0 0 -1 -1 -1 0 -1 -1 0 -1 0 -1 -1 -1 0 -1 0 0 -1 -1 0 -1 0 -1 -1 0 0 0 0 0 0 0 0 0 0 0 0 0 0 0 0 0 0 -1 0 -1 0 -1 0 0 0 0 0 0 0 0 0 0 0 0 0 0 0 -1 0 0 0 0 -1 -1 -1 -1 0 0 0 0 -1 0 -1 -1 0
0 -1 0 0 0 0 0 0 -1 -1 0 -1 0 -1 0 0 0 0 -1 0 0 0 -1 0 -1 0 0 0 -1 0 -1 0 0 0 -1 0 0 0 0 -1 0 0 -1 0 0 0 -1 -1 -1 0 -1 0 0 0 -1 0 -1 0 0 -1 -1 0 0 -1 0 -1 0 0 0 0 0 0 0 -1 0 0 0 -1 0 0 -1 0 -1 0 -1 -1 -1 0 -1 0 0 0 -1 -1 0 -1 0 0 0 0
0 0 0 0 0 0 -1 -1 0 0 0 0 0 0 -1 0 -1 0 0 0 -1 -1 -1 0 -1 -1 0 0 0 0 0 0 0 0 -1 0 0 0 0 -1 0 -1 -1 0 0 -1 -1 -1 -1 0 0 -1 0 0 0 0 0 0 0 0 0 0 -1 0 0 0 0 0 -1 0 0 0 -1 0 0 -1 0 -1 -1 0 0 0 -1 0 0 0 0 -1 -1 0 0 0 0 -1 0 0 0 -1 0 0
0 0 -1 -1 -1 -1 0 0 -1 0 0 -1 0 -1 0 0 0 -1 0 0 0 -1 0 -1 0 -1 0 0 0 -1 -1 0 -1 0 -1 -1 -1 0 0 -1 -1 0 0 0 -1 -1 0 0 -1 0 0 0 0 0 0 0 0 0 -1 -1 0 0 -1 0 -1 -1 0 0 0 0 0 0 0 0 -1 0 0 0 0 0 0 0 0 0 0 0 0 0 0 0 0 -1 -1 -1 0 0 -1 0 0 0
0 -1 0 0 0 0 0 0 0 -1 -1 0 0 0 0 0 0 0 0 0 -1 -1 0 -1 0 0 -1 0 0 0 0 0 0 0 -1 0 0 0 0 -1 0 -1 0 0 0 -1 0 0 0 -1 -1 0 0 0 0 -1 0 0 0 0 0 -1 -1 0 0 0 0 0 0 0 -1 0 -1 0 -1 0 0 0 0 0 0 -1 0 0 0 0 0 0 -1 0 0 0 0 0 -1 0 0 0 0 0
0 -1 0 -1 0 -1 0 0 -1 0 0 0 0 0 0 -1 0 0 0 0 0 -1 0 0 0 0 -1 0 0 0 0 0 0 0 -1 0 0 0 -1 0 0 -1 0 -1 0 -1 0 0 -1 0 0 -1 0 0 0 0 0 0 -1 0 0 0 0 0 -1 -1 -1 -1 0 -1 0 -1 0 0 0 0 0 0 0 0 0 -1 0 -1 -1 0 0 0 0 -1 -1 -1 -1 0 -1 0 -1 0 0 0
0 0 -1 -1 0 -1 -1 0 -1 0 -1 -1 0 0 0 0 0 0 -1 0 0 0 -1 -1 -1 0 0 0 0 -1 -1 -1 0 0 0 0 -1 -1 0 -1 0 0 0 -1 -1 -1 0 0 -1 0 0 0 0 0 0 0 0 0 -1 0 0 -1 0 0 0 -1 0 0 0 -1 0 0 0 0 0 0 -1 -1 0 0 0 -1 0 -1 0 -1 0 0 -1 0 0 -1 0 0 0 -1 0 0 0 -1
0 0 -1 0 0 0 0 0 -1 0 0 0 0 0 -1 0 0 0 0 -1 0 0 0 -1 0 -1 0 0 0 -1 0 0 0 -1 0 0 -1 0 0 0 -1 0 0 -1 -1 0 0 -1 0 0 0 -1 -1 0 0 0 0 0 0 0 0 0 0 0 -1 0 0 -1 0 -1 0 -1 0 0 0 0 0 0 0 -1 0 -1 0 -1 0 -1 0 0 0 0 0 0 -1 0 0 0 0 -1 -1 0
0 -1 -1 -1 0 0 0 0 -1 0 -1 -1 0 0 0 0 0 0 0 0 -1 -1 0 0 -1 0 0 -1 0 0 0 0 0 0 0 0 -1 0 -1 0 0 0 0 0 -1 0 -1 0 -1 -1 -1 0 0 -1 0 0 0 0 -1 -1 0 0 -1 -1 0 0 0 -1 0 0 0 0 0 0 -1 -1 0 -1 0 0 -1 -1 -1 -1 0 -1 0 -1 -1 0 0 0 0 -1 0 -1 0 -1 0 -1
0 0 0 0 -1 -1 0 0 0 0 0 -1 -1 -1 -1 0 0 0 0 -1 0 0 0 0 0 0 0 0 0 0 0 0 0 0 -1 0 0 0 0 0 0 0 0 -1 0 0 -1 0 0 -1 -1 0 -1 -1 0 0 0 0 0 0 -1 0 -1 0 0 0 -1 0 0 0 0 0 0 -1 0 -1 0 0 0 0 0 0 0 0 0 0 -1 -1 0 0 0 0 0 0 0 0 0 -1 0 0
-1 0 -1 -1 0 -1 0 0 0 0 0 -1 0 0 0 0 0 0 -1 -1 0 -1 -1 -1 -1 0 0 0 0 -1 -1 0 -1 0 0 -1 -1 -1 0 0 0 0 0 0 0 0 0 0 0 0 0 0 -1 0 0 -1 0 0 -1 0 0 0 -1 0 -1 0 0 0 0 0 0 0 0 -1 0 -1 -1 0 -1 0 0 0 0 -1 0 -1 0 0 -1 -1 -1 -1 0 0 0 0 0 -1 -1 0
-1 -1 -1 0 -1 0 0 0 0 0 0 -1 0 0 0 0 0 0 0 0 0 0 -1 -1 0 0 0 -1 -1 0 -1 0 -1 -1 0 -1 0 0 0 0 -1 -1 0 0 0 -1 0 0 -1 0 -1 -1 0 -1 -1 0 0 0 -1 0 0 0 -1 0 0 0 0 0 0 0 -1 -1 0 0 0 0 0 0 0 0 -1 0 -1 0 0 0 -1 0 0 0 -1 0 0 0 -1 0 0 -1 -1 0
0 0 0 0 0 0 0 -1 0 0 0 0 -1 0 -1 -1 0 -1 0 -1 0 0 0 0 0 0 0 -1 -1 0 0 -1 0 -1 -1 0 -1 -1 0 -1 -1 0 -1 0 0 -1 -1 0 0 -1 0 0 0 0 0 0 -1 0 0 0 0 -1 0 0 -1 0 -1 -1 0 0 -1 0 -1 -1 0 0 0 0 0 -1 0 0 0 0 0 0 0 0 0 0 -1 0 0 -1 0 0 -1 -1 -1 0
0 -1 -1 0 -1 -1 -1 0 0 0 -1 0 -1 0 0 0 0 0 0 0 -1 0 -1 -1 0 0 0 0 0 -1 -1 0 0 -1 0 -1 0 0 -1 0 0 0 0 0 0 0 -1 -1 0 0 0 0 0 0 0 0 -1 0 0 0 -1 0 -1 -1 0 -1 0 -1 -1 0 0 0 -1 -1 -1 0 -1 0 -1 0 0 0 0 0 0 0 0 0 0 0 0 0 -1 0 0 0 -1 -1 0 -1
0 0 0 0 -1 -1 -1 0 0 0 -1 0 0 0 -1 0 0 -1 0 0 0 0 0 0 0 0 0 0 0 0 0 0 0 0 0 0 -1 0 0 -1 0 -1 -1 0 0 0 0 -1 0 0 0 0 0 0 0 0 0 0 -1 -1 0 0 0 -1 0 0 -1 0 -1 0 0 -1 -1 0 0 0 0 0 -1 0 0 0 0 0 -1 -1 0 0 -1 0 0 0 -1 0 0 0 0 -1 -1 -1
-1 0 -1 0 -1 0 -1 -1 0 0 0 0 -1 0 0 0 0 0 -1 0 0 -1 -1 0 0 -1 -1 0 0 0 0 0 -1 0 -1 0 0 0 -1 0 -1 -1 -1 0 0 0 0 0 0 -1 -1 0 0 -1 0 0 0 0 0 -1 0 -1 0 0 0 0 -1 0 -1 -1 -1 0 0 0 -1 -1 -1 0 0 0 0 0 0 -1 -1 0 -1 -1 -1 0 -1 0 0 0 -1 0 0 -1 0 0
-1 0 0 0 0 0 0 -1 -1 -1 0 0 0 0 0 0 0 0 -1 0 0 0 0 0 0 -1 0 -1 -1 0 0 0 0 0 0 0 0 0 -1 0 0 0 0 -1 -1 0 0 0 0 -1 0 0 0 0 -1 0 0 0 0 0 0 0 -1 0 0 -1 0 0 -1 0 0 -1 0 0 0 -1 0 0 0 0 0 0 -1 0 -1 0 -1 0 0 0 0 -1 0 0 -1 0 0 0 -1 0
0 0 0 -1 -1 0 -1 -1 0 0 0 0 0 0 0 0 0 0 0 0 0 0 0 -1 0 -1 -1 0 0 0 -1 0 -1 0 0 -1 0 0 -1 0 0 0 0 0 0 0 0 0 0 0 0 -1 0 0 0 0 -1 0 -1 -1 0 0 0 -1 0 0 0 0 0 0 0 0 0 0 0 0 0 0 0 0 0 0 0 -1 0 0 0 -1 0 0 0 0 0 0 -1 0 0 -1 0 -1
0 -1 0 -1 0 0 -1 0 0 -1 0 -1 -1 0 0 0 0 0 0 0 0 0 -1 -1 -1 0 0 0 0 0 0 -1 -1 0 0 -1 -1 0 0 -1 -1 0 0 0 0 0 0 0 0 0 0 0 -1 -1 0 0 0 0 0 -1 0 0 0 0 0 0 -1 -1 0 -1 0 0 0 0 0 0 0 0 0 0 0 0 0 0 0 0 0 0 0 -1 0 -1 0 0 -1 0 -1 -1 0 0
0 0 -1 -1 0 0 0 0 0 -1 0 0 0 0 0 -1 -1 0 -1 0 -1 0 -1 -1 0 0 0 0 0 0 -1 -1 0 -1 0 0 0 0 -1 -1 0 0 -1 -1 0 -1 0 -1 0 0 -1 -1 0 0 -1 0 0 0 0 0 0 0 0 -1 -1 0 0 0 0 -1 0 0 0 -1 0 -1 -1 -1 0 0 0 0 -1 -1 0 0 0 0 -1 0 0 0 -1 0 0 0 0 0 -1 0
-1 0 0 0 0 0 -1 -1 0 -1 0 0 0 -1 0 0 0 0 0 0 -1 0 -1 0 0 0 -1 -1 0 0 0 0 -1 0 -1 0 0 -1 0 0 -1 -1 0 0 0 0 0 0 0 0 -1 0 0 0 0 -1 0 0 0 0 0 -1 0 0 -1 0 0 0 -1 0 -1 0 0 0 0 0 0 0 -1 0 0 0 -1 0 -1 -1 0 0 0 0 0 0 0 0 -1 0 0 -1 0 0
-1 0 0 0 0 0 0 0 -1 0 0 0 0 0 0 0 0 -1 0 0 0 0 -1 -1 0 -1 0 -1 0 0 0 0 0 0 0 0 0 0 0 0 -1 0 -1 0 -1 0 -1 0 0 0 -1 0 0 0 0 0 0 -1 -1 -1 -1 0 0 0 0 0 -1 0 -1 0 0 0 -1 0 0 -1 -1 0 0 0 0 0 -1 0 0 0 0 0 0 0 -1 0 -1 -1 0 0 -1 0 -1 -1
0 0 0 0 0 0 0 0 0 -1 -1 -1 0 -1 0 0 0 0 0 0 0 -1 0 -1 0 0 -1 -1 0 -1 0 0 -1 0 -1 0 0 0 -1 0 0 0 0 0 0 -1 -1 0 -1 -1 0 -1 -1 -1 0 -1 -1 -1 -1 0 0 0 0 -1 -1 -1 0 0 0 0 0 -1 0 -1 0 0 0 0 0 -1 0 0 0 -1 -1 0 -1 -1 -1 0 0 -1 0 0 0 -1 -1 0 -1 0
0 -1 0 -1 -1 0 -1 -1 -1 -1 0 0 0 0 -1 -1 0 0 0 0 0 -1 0 -1 -1 -1 -1 0 0 0 0 0 0 0 0 -1 0 0 0 -1 0 0 0 0 -1 0 -1 0 0 0 -1 0 0 -1 0 -1 0 0 0 0 0 0 0 -1 0 0 0 0 -1 0 0 -1 0 0 0 0 0 -1 0 0 0 0 0 -1 0 0 0 0 0 -1 0 0 0 -1 -1 0 0 0 0 0
0 0 0 -1 0 -1 0 -1 -1 0 -1 0 -1 -1 -1 -1 -1 0 -1 0 0 -1 -1 -1 0 0 0 -1 0 0 -1 0 -1 0 0 0 0 -1 0 0 0 0 0 -1 0 0 0 0 -1 0 0 0 0 0 0 -1 0 0 0 0 0 0 -1 -1 0 0 0 -1 0 -1 0 0 0 0 0 0 0 0 0 0 -1 0 0 -1 -1 0 0 0 0 -1 0 -1 0 0 0 0 0 0 0 -1
0 0 0 0 -1 0 0 -1 -1 0 0 -1 0 0 0 0 -1 0 0 -1 0 0 0 0 0 0 0 0 0 0 0 0 0 -1 0 -1 -1 -1 0 -1 0 -1 0 -1 0 0 -1 0 0 -1 -1 0 0 -1 0 0 -1 -1 -1 0 0 0 0 0 0 0 0 0 -1 0 -1 0 0 0 0 0 -1 0 -1 -1 0 -1 0 0 0 -1 0 0 0 -1 -1 0 0 0 0 0 0 0 0 0
0 0 -1 -1 0 -1 0 0 0 0 0 0 -1 0 0 -1 0 0 0 -1 -1 0 0 -1 0 0 0 0 -1 0 0 0 0 0 -1 0 0 0 0 0 0 0 0 -1 -1 -1 0 -1 0 -1 0 -1 -1 0 0 0 -1 0 0 -1 0 0 0 0 0 -1 -1 0 0 0 0 0 -1 0 0 0 -1 0 -1 -1 -1 0 -1 0 0 0 -1 0 0 -1 -1 0 0 -1 -1 0 0 0 0 0
0 0 -1 0 0 0 0 -1 -1 -1 0 -1 0 -1 0 0 -1 0 -1 0 0 -1 0 -1 0 -1 0 -1 -1 0 0 0 -1 -1 -1 0 0 -1 -1 0 0 0 0 0 0 0 -1 0 0 -1 0 0 0 -1 -1 0 0 0 -1 -1 0 0 0 -1 -1 -1 -1 -1 0 0 -1 0 0 -1 -1 0 0 0 0 0 0 0 0 0 0 0 -1 -1 0 -1 0 0 -1 0 0 0 0 0 -1 0
0 0 0 -1 0 -1 0 -1 0 -1 0 0 -1 -1 0 0 0 0 -1 0 -1 -1 0 0 0 -1 -1 0 0 -1 0 -1 -1 0 0 0 0 0 0 0 -1 0 -1 -1 0 0 0 0 0 0 -1 0 -1 0 0 0 0 0 0 0 0 0 -1 0 -1 0 0 0 0 0 -1 0 0 0 0 -1 0 0 -1 0 0 0 0 -1 -1 -1 -1 0 0 0 0 0 0 0 0 0 0 0 0 0
0 0 -1 0 0 -1 0 0 -1 0 0 0 0 0 0 0 -1 0 0 0 0 0 0 0 -1 0 0 0 0 0 0 0 0 0 -1 -1 -1 0 -1 -1 0 0 0 0 0 0 -1 0 0 0 0 0 0 0 0 -1 -1 -1 -1 -1 0 -1 0 0 -1 -1 0 -1 0 0 -1 0 0 0 -1 0 0 -1 0 0 0 0 0 0 0 -1 0 0 0 0 -1 -1 0 0 -1 0 0 0 -1 0
0 0 -1 0 -1 0 -1 0 -1 0 0 0 0 0 0 0 0 0 -1 0 0 0 0 0 0 -1 -1 0 0 -1 0 -1 0 0 -1 0 -1 0 -1 0 -1 -1 -1 0 0 0 0 0 0 0 0 -1 0 0 0 -1 0 0 -1 -1 0 0 -1 0 -1 0 0 0 -1 0 0 0 0 0 0 -1 0 0 -1 0 0 0 -1 -1 0 0 0 0 0 0 -1 0 -1 -1 0 -1 0 0 0 0
0 0 0 -1 0 0 0 -1 -1 -1 0 0 0 0 -1 0 0 0 -1 0 0 -1 -1 0 0 0 0 0 -1 0 0 0 -1 0 0 -1 0 -1 0 0 0 -1 0 0 0 -1 0 -1 0 0 -1 0 0 0 0 0 0 0 -1 0 0 -1 -1 0 -1 -1 -1 -1 0 0 0 0 -1 -1 -1 0 0 0 0 0 0 0 0 0 0 0 0 0 -1 -1 0 -1 0 0 -1 -1 0 -1 0 0
0 0 0 -1 -1 -1 -1 -1 -1 0 0 0 0 -1 -1 0 0 0 0 -1 0 -1 -1 0 0 0 0 0 -1 0 0 0 -1 -1 0 0 0 0 -1 -1 0 0 -1 0 0 -1 0 0 0 -1 0 0 0 0 0 -1 0 0 0 0 -1 -1 0 0 -1 0 0 -1 0 0 0 -1 -1 0 0 0 0 0 -1 -1 0 0 -1 0 0 -1 0 0 0 -1 0 -1 0 0 -1 -1 0 0 0 0
0 0 -1 0 0 0 0 0 0 -1 0 0 0 0 -1 0 0 -1 0 -1 0 0 0 0 0 -1 0 0 -1 0 0 0 -1 -1 -1 0 -1 0 0 0 0 0 -1 0 0 0 0 0 -1 0 0 0 0 -1 0 0 0 0 -1 -1 0 0 -1 -1 0 0 -1 -1 0 0 -1 -1 0 -1 0 0 -1 -1 0 0 -1 0 0 0 0 0 0 0 -1 0 0 0 0 -1 0 0 -1 0 0 0
0 0 0 0 0 -1 0 0 0 -1 -1 0 0 0 -1 -1 -1 0 -1 0 0 0 0 0 0 0 0 0 -1 -1 0 0 -1 0 0 -1 0 0 0 0 0 0 0 0 -1 0 0 0 0 0 0 0 0 -1 0 -1 0 -1 0 0 0 0 -1 0 0 0 -1 0 0 0 0 0 0 -1 -1 -1 0 -1 -1 0 0 -1 0 0 0 0 -1 0 0 0 0 -1 0 0 0 -1 0 0 -1 0
-1 -1 0 0 -1 0 0 -1 -1 0 0 0 0 0 0 0 0 0 0 0 0 0 -1 0 -1 0 0 0 -1 -1 -1 -1 0 0 0 0 0 0 0 -1 0 -1 0 0 0 0 0 0 0 0 0 0 -1 0 0 0 0 0 -1 0 0 0 -1 -1 -1 0 0 -1 -1 0 -1 0 0 0 0 0 0 -1 0 -1 -1 0 0 0 -1 0 0 -1 0 -1 0 -1 0 -1 0 0 0 -1 0 0
-1 0 0 0 0 -1 0 -1 0 0 0 0 0 -1 -1 -1 0 0 0 -1 0 0 -1 0 0 0 0 0 0 0 0 -1 -1 0 0 0 0 0 0 -1 0 -1 -1 -1 0 0 0 0 0 0 -1 -1 -1 0 -1 -1 0 0 -1 0 0 0 0 -1 0 -1 0 0 0 0 0 0 -1 0 -1 0 -1 0 -1 0 0 0 0 0 -1 0 0 -1 0 -1 0 0 0 0 -1 0 0 0 0 0
0 -1 0 0 0 0 -1 -1 0 0 -1 0 0 -1 0 0 0 0 -1 0 -1 0 -1 -1 0 0 -1 0 0 -1 0 -1 -1 -1 0 -1 0 0 0 0 0 0 -1 0 0 -1 0 -1 -1 -1 0 0 0 -1 -1 -1 -1 0 0 0 -1 0 -1 0 0 -1 -1 -1 -1 -1 -1 -1 0 0 0 0 -1 0 0 0 0 -1 0 -1 0 0 0 0 0 -1 0 0 0 0 0 0 -1 0 -1 -1
-1 0 0 0 0 -1 0 0 0 0 0 -1 -1 -1 -1 -1 0 0 0 -1 0 -1 0 0 0 0 -1 0 -1 0 0 0 -1 -1 0 -1 -1 -1 0 0 -1 -1 0 0 0 0 0 0 0 0 0 0 0 -1 0 0 0 0 0 0 0 0 -1 -1 -1 0 0 -1 -1 0 0 0 -1 0 0 -1 0 -1 0 -1 -1 0 -1 -1 0 0 -1 0 0 0 0 0 -1 0 0 -1 0 -1 0 0
0 -1 -1 0 0 0 0 0 0 0 0 -1 0 -1 0 0 0 0 0 0 -1 0 -1 0 -1 -1 0 0 0 0 0 0 0 0 0 0 0 -1 0 0 0 0 0 0 -1 0 0 0 0 0 0 0 0 0 0 0 0 0 0 0 0 0 -1 0 0 -1 -1 -1 0 -1 0 0 0 0 0 -1 0 0 0 -1 0 0 0 0 -1 0 0 0 0 0 0 0 -1 0 0 -1 0 0 0 -1
100
0 0 5 0 0 0 5 -9 0 0 0 0 0 0 -3 9 0 1 0 0 9 0 0 0 0 0 0 -3 0 0 0 0 7 -6 0 0 0 1 1 0 0 -5 0 -3 -4 0 0 -8 -10 0 0 0 0 0 -9 -1 5 0 0 0 0 0 4 0 5 0 0 0 0 0 0 0 0 -7 0 0 0 0 -10 0 0 -3 9 0 0 0 -4 0 0 0 0 0 -9 0 0 0 0 1 -9 0 