100
100
-1 0 -1 -1 -1 0 -1 -1 0 -1 0 0 0 -1 0 0 0 -9 0 -1 0 0 -1 0 0 -1 -1 0 -1 -1 -1 -1 0 -1 -1 0 0 0 -1 -1 -1 -1 -1 -1 -1 0 0 -1 0 -1 -1 0 -1 -1 0 -1 -1 0 0 -1 0 0 -1 -1 -1 -1 -1 -1 0 0 0 0 0 0 -1 0 -1 0 0 -1 -1 -1 -1 -1 -1 -1 0 -1 -1 0 -1 -1 -1 -1 -1 -1 -1 -1 -1 -1
0 -1 -1 -1 -1 -1 -1 0 0 0 -1 -1 -1 -1 -1 -1 0 0 -1 -1 0 -1 -1 -1 -1 -1 -1 0 0 -1 -1 -1 -1 -1 0 0 -1 -1 0 -1 -1 -1 -1 0 0 -1 0 -1 -1 0 0 -1 -1 -1 -1 -1 -1 -1 0 -1 -1 0 -1 0 -1 -1 0 -1 -1 0 -1 -1 -1 -1 0 -1 0 -1 -1 -1 0 0 0 -1 -1 0 -1 0 0 -1 -1 0 -1 -1 0 0 0 -1 -1 0
-1 0 0 -1 0 -1 -1 -1 -1 -1 -1 0 -1 -1 0 0 -1 -1 0 -1 -1 -1 -1 0 -1 -1 -1 0 -1 -1 0 -1 -1 -1 -1 0 -1 -1 0 -1 -1 0 0 0 -1 0 -1 0 0 -1 0 -1 -1 -1 -1 -1 -1 -1 -1 0 -1 0 -1 -1 0 -1 0 -1 -1 0 -1 -1 0 -1 0 -1 0 -1 -1 -1 0 -1 0 -1 -1 -1 0 0 -1 -1 -1 0 -1 -1 -1 -1 0 -1 -1 -1
0 -1 -1 0 -1 0 -1 -1 -1 -1 -1 0 -1 -1 -1 -1 0 -1 -1 -1 -1 -1 0 0 -1 0 -1 -1 -1 -1 0 -1 0 -1 -1 -1 -1 -1 -1 -1 -1 -1 -1 -1 -1 0 0 -1 -1 0 -1 -1 -1 -1 -1 0 0 -1 0 -1 -1 0 -1 0 0 -1 0 0 -1 0 0 -1 -1 -1 0 -1 0 -1 0 -1 -1 -1 0 -1 -1 -1 -1 -1 -1 0 -1 -1 0 -1 0 -1 0 0 0 0
-1 -1 -1 0 0 0 0 0 -1 -1 0 -1 0 -1 -1 -1 -1 -1 -1 -1 0 0 -1 -1 0 -1 -1 0 -1 -1 -1 -1 0 0 0 -1 0 0 0 -1 0 -1 -1 0 -1 -1 0 -1 -1 0 -1 -1 0 0 -1 0 -1 0 -1 0 -1 0 0 -1 -1 -1 0 0 0 -1 -1 0 -1 -1 0 -1 -1 0 -1 0 -1 -1 -1 -1 0 -1 0 0 -1 -1 0 0 0 -1 -1 -1 0 0 0 -1
-1 -1 0 -1 -1 0 -1 0 0 -1 -1 0 -1 -1 0 -1 0 -1 -1 -1 -1 -1 -1 -1 -1 0 0 -1 -1 -1 0 -1 0 -1 -1 -1 0 -1 -1 -1 -1 0 -1 0 0 0 -1 0 0 -1 -1 0 0 0 -1 0 0 -1 -1 0 -1 -1 0 0 -1 -1 0 -1 0 -1 -1 -1 0 0 0 0 0 -1 -1 0 0 -1 -1 0 -1 -1 -1 0 -1 0 -1 -1 -1 -1 -1 0 0 -1 0 0
-1 -1 0 -1 -1 -1 -1 0 0 -1 0 -1 0 -1 0 -1 0 -1 0 -1 -1 0 -1 -1 0 -1 -1 0 0 -1 0 -1 -1 -1 -1 -1 -1 -1 -1 -1 -1 -1 -1 -1 0 0 -1 0 -1 -1 -1 -1 -1 0 -1 -1 -1 -1 0 0 -1 0 -1 -1 -1 0 -1 -1 -1 -1 -1 -1 0 0 -1 -1 -1 -1 -1 0 0 -1 -1 -1 -1 0 0 -1 -1 0 -1 -1 -1 -1 -1 -1 -1 -1 0 -1
-1 0 -1 -1 0 -1 -1 -1 -1 0 -1 0 0 -1 0 -1 -1 -1 0 -1 -1 -1 0 -1 -1 -1 -1 -1 0 -1 -1 0 -1 -1 0 -1 0 -1 0 -1 -1 0 -1 -1 -1 -1 0 0 -1 -1 0 -1 0 -1 0 0 -1 0 -1 0 -1 -1 0 -1 0 0 -1 -1 -1 -1 -1 -1 0 0 0 -1 -1 -1 0 -1 -1 -1 0 0 -1 0 0 -1 0 -1 -1 -1 -1 -1 -1 -1 -1 -1 -1 -1
-1 -1 0 -1 -1 -1 -1 -1 0 0 0 -1 -1 -1 -1 -1 -1 -1 -1 -1 0 -1 -1 0 -1 0 -1 -1 0 -1 0 -1 0 0 -1 -1 -1 -1 -1 -1 -1 -1 -1 -1 0 -1 -1 -1 0 0 -1 -1 -1 -1 0 -1 -1 -1 -1 -1 0 -1 0 0 -1 -1 -1 0 -1 -1 -1 -1 0 0 0 -1 0 -1 0 -1 -1 0 0 -1 -1 -1 0 -1 -1 0 -1 0 0 0 0 0 0 -1 -1 0
-1 -1 -1 0 0 -1 -1 0 0 0 0 0 -1 -1 -1 0 0 0 0 0 0 -1 0 -1 -1 -1 -1 0 -1 -1 -1 -1 0 0 -1 0 0 0 0 0 -1 0 -1 0 -1 -1 0 0 -1 -1 -1 0 0 -1 -1 -1 0 -1 0 0 -1 -1 0 0 0 0 0 0 -1 0 -1 -1 -1 -1 -1 0 -1 -1 -1 0 0 0 0 0 -1 -1 -1 -1 0 -1 0 -1 0 0 -1 0 -1 -1 -1 0
0 0 -1 -1 0 0 -1 0 0 -1 0 0 0 0 0 -1 -1 -1 -1 0 0 0 -1 -1 -1 -1 0 -1 -1 -1 -1 -1 -1 0 0 0 -1 -1 -1 -1 -1 0 -1 -1 0 -1 0 -1 -1 0 -1 -1 0 -1 -1 -1 0 0 0 -1 -1 -1 -1 0 -1 -1 0 -1 0 0 -1 -1 -1 0 -1 -1 -1 0 0 -1 -1 -1 -1 -1 -1 -1 -1 -1 0 0 -1 -1 -1 0 -1 -1 0 0 -1 -1
-1 -1 -1 0 0 -1 0 -1 0 -1 -1 -1 0 0 0 -1 -1 -1 -1 -1 -1 -1 0 -1 -1 0 0 -1 0 -1 -1 0 0 -1 0 -1 -1 0 -1 -1 0 -1 0 0 -1 -1 -1 -1 0 -1 -1 0 -1 0 -1 0 -1 0 0 -1 -1 0 0 -1 0 0 -1 0 0 0 0 -1 0 -1 0 -1 -1 0 -1 0 0 -1 0 0 -1 0 -1 0 -1 -1 -1 -1 -1 -1 -1 0 0 -1 -1 0
-1 -1 -1 -1 -1 0 0 -1 -1 0 0 0 -1 -1 -1 0 0 -1 -1 -1 -1 -1 -1 -1 -1 -1 0 -1 0 0 -1 0 0 -1 0 -1 -1 -1 0 0 0 0 -1 -1 0 -1 0 0 -1 0 -1 -1 0 -1 -1 -1 -1 0 0 -1 -1 -1 -1 -1 -1 -1 -1 0 -1 0 0 0 -1 0 -1 -1 -1 -1 0 -1 0 0 -1 0 0 -1 -1 -1 -1 -1 -1 -1 -1 -1 -1 0 -1 -1 0 0
-1 0 -1 0 -1 0 -1 -1 -1 -1 -1 -1 -1 -1 -1 -1 0 0 -1 0 -1 0 0 0 0 0 0 -1 -1 -1 -1 -1 0 0 -1 -1 -1 0 0 0 0 0 -1 0 -1 -1 0 -1 0 -1 0 0 -1 -1 -1 -1 0 -1 0 0 -1 0 -1 0 0 -1 0 0 -1 0 0 -1 -1 -1 0 -1 -1 -1 -1 0 -1 -1 0 0 -1 -1 -1 0 -1 -1 0 -1 -1 -1 -1 0 -1 -1 -1 0
0 -1 -1 0 -1 -1 -1 -1 -1 -1 0 -1 -1 -1 -1 -1 -1 0 0 0 -1 -1 0 -1 0 0 -1 0 -1 -1 0 -1 -1 0 0 0 0 -1 -1 -1 -1 0 -1 -1 -1 -1 0 -1 -1 -1 -1 0 0 -1 -1 0 -1 0 -1 0 -1 -1 -1 -1 -1 -1 -1 0 -1 -1 -1 0 0 -1 -1 -1 -1 -1 0 -1 0 0 0 -1 0 0 0 0 -1 -1 -1 0 -1 -1 -1 0 -1 -1 -1 -1
0 -1 0 -1 -1 -1 0 0 0 -1 0 0 0 0 0 -1 -1 -1 -1 0 0 -1 0 0 -1 -1 -1 0 -1 -1 0 -1 -1 -1 0 0 -1 -1 -1 0 0 -1 0 0 -1 -1 -1 -1 -1 -1 0 0 0 0 0 0 0 -1 0 -1 0 -1 0 0 -1 0 0 -1 -1 -1 0 0 -1 -1 -1 0 -1 0 -1 -1 -1 0 0 0 0 -1 0 0 0 -1 0 -1 -1 -1 -1 0 -1 0 0 -1
-1 -1 -1 -1 -1 -1 0 -1 0 0 -1 -1 -1 0 -1 -1 0 0 0 -1 0 -1 0 0 0 -1 0 -1 0 -1 0 0 -1 0 -1 -1 -1 -1 -1 -1 0 -1 -1 -1 0 0 -1 -1 -1 0 -1 0 -1 -1 0 -1 0 -1 -1 -1 0 -1 0 -1 0 0 0 0 -1 -1 0 -1 -1 -1 0 0 0 0 -1 -1 -1 0 -1 -1 -1 -1 -1 -1 0 -1 -1 -1 0 -1 0 -1 -1 -1 -1 -1
-1 0 -1 -1 0 -1 -1 0 -1 0 0 0 0 -1 -1 -1 0 0 -1 -1 0 -1 -1 -1 -1 -1 0 -1 -1 0 0 0 -1 0 -1 0 0 -1 0 -1 -1 0 -1 0 -1 -1 -1 -1 0 -1 -1 0 0 -1 0 -1 0 -1 -1 0 0 0 -1 -1 0 -1 -1 0 -1 0 -1 -1 0 -1 -1 0 0 0 0 -1 0 0 -1 -1 -1 -1 0 -1 -1 0 -1 -1 -1 0 -1 -1 0 -1 0 -1
0 -1 -1 -1 0 0 0 0 -1 -1 -1 0 -1 0 -1 -1 -1 -1 -1 -1 -1 -1 -1 -1 0 -1 -1 -1 0 -1 0 0 -1 0 -1 0 -1 0 -1 -1 0 0 0 0 -1 0 0 -1 0 -1 -1 -1 -1 -1 0 -1 -1 -1 -1 -1 -1 -1 0 -1 -1 0 -1 -1 0 0 -1 -1 0 0 -1 -1 -1 0 -1 0 -1 -1 -1 -1 -1 0 -1 -1 -1 -1 -1 0 -1 -1 -1 -1 -1 -1 0 -1
0 0 -1 0 0 0 -1 0 -1 0 -1 0 -1 -1 -1 -1 0 -1 0 -1 -1 -1 -1 -1 -1 0 -1 0 -1 0 -1 -1 0 -1 0 -1 -1 -1 -1 0 -1 0 0 0 0 0 -1 -1 -1 -1 -1 -1 -1 -1 0 0 0 0 0 -1 -1 0 -1 0 -1 -1 -1 0 0 -1 0 -1 0 -1 -1 -1 -1 0 -1 -1 0 0 -1 -1 -1 0 -1 -1 0 0 -1 0 -1 -1 -1 0 0 -1 0 0
0 0 -1 -1 0 -1 -1 0 -1 -1 0 -1 -1 0 -1 -1 -1 0 0 0 -1 0 -1 -1 -1 -1 -1 -1 0 -1 0 -1 0 -1 -1 -1 -1 -1 0 -1 -1 0 -1 -1 -1 -1 0 0 -1 0 -1 0 -1 0 0 -1 0 -1 -1 0 -1 -1 -1 -1 0 0 -1 0 0 0 -1 -1 -1 -1 -1 0 0 -1 -1 -1 -1 -1 -1 -1 0 -1 0 -1 -1 -1 0 -1 0 -1 -1 -1 -1 -1 -1 0
0 0 0 -1 -1 -1 -1 -1 -1 0 -1 0 0 0 -1 0 -1 -1 0 -1 -1 0 -1 -1 -1 -1 0 -1 0 0 0 -1 0 0 -1 -1 -1 -1 0 0 -1 -1 -1 -1 -1 -1 0 0 0 0 0 -1 0 0 0 0 -1 -1 -1 -1 -1 -1 0 -1 0 -1 -1 0 0 -1 0 0 0 0 0 -1 -1 0 0 0 -1 -1 -1 0 0 0 -1 -1 -1 -1 -1 0 0 0 0 0 -1 0 0 -1
0 -1 -1 -1 0 0 -1 -1 -1 -1 -1 -1 0 0 0 0 -1 0 -1 -1 -1 -1 -1 -1 -1 0 -1 -1 -1 -1 -1 -1 -1 -1 -1 -1 -1 0 -1 -1 -1 -1 -1 0 0 0 0 0 -1 -1 -1 0 -1 0 -1 -1 -1 0 -1 0 -1 -1 0 0 -1 0 0 -1 0 0 -1 -1 -1 -1 -1 0 -1 0 -1 -1 0 -1 -1 0 -1 0 0 -1 0 0 -1 -1 0 0 -1 0 0 -1 -1 -1
0 -1 -1 -1 -1 -1 0 -1 -1 -1 -1 -1 -1 -1 -1 -1 0 -1 0 -1 0 0 -1 -1 0 -1 -1 -1 -1 0 0 0 -1 0 0 -1 -1 0 -1 -1 -1 0 -1 -1 -1 -1 -1 -1 0 0 0 0 -1 0 -1 -1 -1 -1 -1 -1 -1 -1 -1 -1 -1 0 -1 -1 -1 -1 -1 -1 -1 0 0 -1 -1 0 0 0 -1 0 0 -1 -1 -1 0 0 -1 -1 -1 0 -1 0 -1 0 -1 -1 0 0
-1 0 0 0 -1 -1 0 -1 -1 0 0 0 0 0 -1 -1 -1 -1 -1 -1 -1 -1 0 -1 -1 -1 0 -1 -1 0 0 0 -1 0 0 -1 0 0 -1 0 0 0 -1 -1 -1 -1 -1 0 0 -1 -1 -1 -1 -1 0 -1 -1 0 -1 -1 0 0 0 -1 -1 0 0 -1 -1 0 -1 0 -1 0 -1 -1 -1 0 0 -1 -1 -1 0 -1 0 -1 -1 -1 -1 0 -1 -1 0 -1 -1 0 -1 0 -1 -1
-1 -1 0 -1 -1 0 -1 0 0 0 0 0 -1 -1 -1 0 -1 -1 0 0 0 -1 0 -1 -1 -1 0 -1 0 -1 -1 0 -1 0 -1 0 -1 0 0 -1 0 -1 -1 0 -1 0 -1 0 -1 -1 -1 -1 0 0 -1 -1 -1 -1 0 0 -1 -1 0 0 -1 -1 0 0 0 -1 -1 -1 -1 -1 -1 -1 -1 -1 -1 0 0 -1 0 0 0 -1 -1 -1 0 -1 0 0 -1 -1 -1 -1 -1 -1 -1 -1
-1 0 0 0 -1 -1 -1 -1 -1 0 -1 -1 0 0 0 -1 -1 0 -1 0 -1 0 0 0 0 -1 -1 0 0 -1 0 -1 -1 -1 -1 0 -1 -1 -1 -1 -1 0 -1 0 -1 -1 0 -1 -1 -1 0 0 0 -1 -1 0 0 -1 0 0 0 -1 -1 -1 -1 -1 -1 -1 -1 0 -1 -1 -1 0 -1 0 -1 -1 0 0 0 0 -1 0 -1 -1 -1 0 -1 -1 0 -1 -1 -1 0 -1 0 -1 0 0
0 -1 -1 0 -1 -1 -1 -1 -1 -1 0 -1 -1 0 0 -1 -1 0 0 0 -1 -1 0 -1 0 -1 -1 -1 -1 0 0 0 0 -1 -1 0 0 0 -1 0 -1 0 0 0 0 -1 0 -1 -1 -1 0 -1 0 -1 -1 -1 0 -1 0 -1 0 0 0 0 -1 -1 0 0 0 -1 -1 -1 -1 0 -1 0 -1 -1 0 0 -1 -1 -1 -1 -1 -1 0 0 -1 -1 0 0 -1 0 -1 -1 -1 -1 -1 -1
-1 -1 -1 0 -1 0 -1 -1 -1 -1 -1 -1 -1 -1 0 -1 -1 -1 0 -1 -1 0 -1 0 0 -1 -1 0 0 0 0 0 -1 -1 -1 0 -1 -1 0 -1 -1 -1 -1 -1 -1 0 -1 -1 0 -1 -1 -1 -1 -1 0 -1 -1 -1 -1 -1 -1 -1 -1 0 -1 -1 -1 -1 0 -1 0 -1 -1 0 -1 -1 -1 -1 -1 -1 -1 0 0 -1 -1 -1 0 0 -1 0 -1 0 -1 -1 -1 0 -1 -1 -1 -1
-1 -1 -1 -1 0 -1 -1 0 0 -1 0 0 0 -1 0 -1 -1 -1 -1 -1 0 -1 0 0 0 -1 -1 -1 -1 0 -1 -1 0 -1 -1 0 -1 -1 -1 -1 -1 0 -1 -1 0 -1 -1 -1 -1 -1 0 0 0 -1 -1 -1 -1 -1 0 0 -1 0 0 -1 -1 0 -1 -1 -1 -1 -1 -1 0 -1 -1 -1 -1 -1 -1 0 -1 -1 0 0 0 -1 0 -1 -1 -1 0 0 -1 -1 0 -1 -1 -1 -1 -1
-1 0 0 -1 -1 0 0 -1 0 0 0 -1 -1 -1 -1 -1 0 -1 -1 -1 0 0 -1 -1 0 -1 -1 -1 0 -1 -1 -1 -1 0 0 -1 -1 0 -1 -1 -1 0 -1 -1 0 -1 -1 -1 0 0 -1 -1 -1 -1 -1 -1 0 -1 0 -1 -1 -1 0 0 0 0 -1 -1 -1 -1 0 -1 -1 -1 -1 0 0 -1 -1 0 -1 -1 0 -1 -1 -1 0 -1 0 -1 0 -1 0 -1 -1 0 -1 0 -1 -1
-1 0 -1 0 0 0 0 -1 -1 0 0 0 0 0 0 -1 -1 -1 -1 -1 -1 -1 -1 -1 -1 0 -1 0 0 0 -1 -1 -1 0 -1 0 -1 0 -1 0 0 0 -1 -1 -1 -1 0 0 0 -1 -1 -1 -1 0 -1 0 0 -1 0 -1 0 -1 -1 -1 -1 0 -1 -1 0 0 0 -1 -1 0 -1 -1 -1 0 -1 -1 0 0 -1 -1 0 -1 -1 -1 -1 -1 -1 -1 -1 -1 -1 -1 -1 -1 -1 -1
-1 -1 0 -1 -1 -1 0 -1 -1 -1 0 0 -1 -1 0 0 -1 -1 0 0 0 0 -1 -1 0 0 -1 0 -1 -1 0 -1 0 -1 0 -1 0 0 -1 -1 0 -1 0 0 -1 -1 0 -1 0 -1 -1 -1 -1 0 -1 0 -1 -1 0 -1 0 -1 0 -1 0 -1 -1 0 -1 0 0 -1 -1 -1 0 -1 -1 0 -1 -1 0 0 -1 0 0 0 -1 0 0 -1 0 0 0 0 -1 -1 -1 -1 -1 -1
-1 0 -1 0 0 -1 -1 -1 -1 -1 -1 -1 -1 -1 -1 0 -1 0 0 -1 -1 -1 -1 -1 -1 -1 -1 -1 -1 -1 0 -1 -1 -1 -1 -1 -1 -1 -1 0 0 -1 -1 0 -1 0 0 -1 -1 -1 0 0 -1 -1 -1 -1 -1 -1 -1 0 0 0 0 0 -1 0 -1 -1 -1 -1 -1 -1 0 0 -1 -1 0 0 -1 0 -1 -1 0 -1 -1 0 -1 -1 0 0 0 0 -1 0 0 -1 0 0 -1 -1
-1 -1 -1 -1 0 -1 -1 -1 -1 0 -1 0 0 0 -1 0 -1 0 0 0 -1 -1 0 -1 -1 -1 0 -1 -1 -1 -1 0 0 -1 -1 0 -1 0 -1 -1 0 0 -1 -1 -1 0 -1 -1 -1 -1 0 0 0 0 0 0 -1 -1 -1 -1 -1 0 0 -1 -1 -1 -1 -1 -1 -1 -1 -1 0 0 -1 -1 -1 -1 0 -1 0 0 -1 0 0 -1 -1 -1 0 0 -1 -1 0 0 -1 0 -1 -1 -1 0
0 -1 -1 -1 -1 0 0 -1 0 -1 0 -1 0 -1 0 0 0 0 0 0 -1 -1 0 0 -1 -1 -1 0 -1 -1 0 -1 0 -1 0 -1 0 -1 -1 0 -1 -1 0 -1 -1 -1 0 0 -1 -1 -1 0 0 -1 -1 0 -1 0 0 -1 0 0 0 -1 0 -1 0 -1 0 -1 -1 -1 -1 -1 0 0 0 -1 0 -1 0 -1 0 0 0 0 -1 -1 -1 0 -1 0 0 -1 -1 -1 -1 -1 0 -1
0 -1 0 -1 0 0 -1 -1 0 -1 0 -1 -1 0 -1 0 0 -1 0 0 -1 -1 -1 0 0 -1 -1 0 -1 -1 -1 0 -1 -1 0 0 -1 -1 0 0 -1 -1 0 0 -1 -1 0 -1 -1 0 -1 -1 -1 0 0 -1 0 -1 -1 0 -1 -1 -1 -1 0 -1 -1 -1 0 0 -1 0 -1 0 -1 0 0 -1 -1 -1 0 0 0 -1 -1 -1 0 0 -1 -1 0 -1 -1 0 0 -1 -1 0 -1 0
-1 0 -1 0 0 -1 -1 -1 0 -1 -1 -1 -1 -1 -1 0 0 0 -1 -1 -1 -1 0 -1 0 -1 0 0 0 0 0 -1 0 -1 0 -1 0 -1 0 -1 -1 -1 -1 -1 0 0 0 0 0 -1 -1 -1 -1 -1 -1 -1 -1 -1 -1 -1 0 -1 -1 -1 0 -1 -1 0 0 0 -1 -1 -1 -1 -1 -1 -1 -1 0 0 -1 0 -1 -1 -1 0 0 0 -1 -1 -1 -1 -1 -1 0 0 -1 -1 -1 -1
0 -1 0 0 -1 0 -1 -1 0 -1 0 -1 0 0 -1 0 -1 -1 -1 0 0 0 0 -1 -1 -1 0 -1 -1 -1 -1 -1 -1 0 -1 -1 0 0 0 -1 0 -1 -1 -1 0 0 -1 0 0 0 -1 -1 -1 0 -1 -1 0 -1 -1 -1 -1 -1 -1 -1 -1 -1 -1 -1 -1 -1 0 0 -1 -1 0 -1 -1 0 -1 -1 -1 0 -1 -1 -1 -1 -1 -1 0 -1 -1 -1 -1 -1 -1 -1 -1 -1 -1 -1
-1 0 -1 -1 -1 0 -1 -1 -1 -1 -1 -1 0 0 -1 0 -1 0 -1 0 0 -1 -1 -1 0 -1 -1 -1 0 -1 -1 0 -1 0 -1 -1 0 -1 -1 0 -1 -1 -1 -1 0 0 0 0 0 -1 0 0 0 -1 -1 0 -1 -1 0 0 -1 0 -1 -1 -1 -1 -1 0 0 -1 0 -1 -1 -1 -1 -1 0 -1 0 0 -1 -1 0 -1 0 0 0 -1 -1 -1 -1 0 0 -1 0 -1 -1 -1 -1 0
-1 0 -1 -1 -1 0 -1 -1 0 -1 -1 -1 0 -1 0 -1 0 -1 0 0 0 -1 -1 0 0 0 0 0 0 0 0 -1 0 0 -1 0 -1 -1 -1 -1 -1 0 0 0 -1 0 0 -1 -1 -1 -1 -1 0 -1 -1 -1 -1 0 0 -1 -1 0 0 0 -1 -1 -1 -1 -1 0 0 0 -1 -1 0 -1 -1 0 -1 -1 -1 0 0 0 0 -1 0 -1 0 0 -1 0 -1 -1 0 0 -1 -1 -1 -1
-1 -1 0 -1 0 0 0 0 -1 0 -1 -1 0 0 -1 -1 -1 -1 -1 -1 -1 0 -1 -1 -1 -1 -1 0 0 0 -1 0 0 -1 0 -1 -1 0 -1 -1 0 0 -1 -1 0 -1 -1 0 -1 -1 -1 -1 -1 0 0 -1 0 -1 0 -1 -1 -1 -1 -1 -1 0 0 0 -1 0 0 0 0 -1 -1 -1 0 -1 -1 -1 0 0 0 0 -1 0 -1 -1 -1 0 0 0 -1 0 0 -1 -1 -1 -1 0
-1 0 0 0 -1 -1 -1 -1 0 -1 -1 0 -1 0 0 -1 -1 -1 0 -1 -1 0 -1 -1 0 0 0 -1 0 -1 -1 -1 0 0 0 -1 -1 0 -1 -1 -1 -1 -1 -1 0 0 0 -1 0 -1 -1 -1 -1 0 -1 -1 -1 -1 -1 0 -1 0 -1 0 0 -1 -1 -1 0 0 -1 0 0 -1 -1 -1 0 0 0 0 0 -1 0 -1 0 -1 -1 0 0 -1 0 -1 0 -1 0 -1 0 -1 0 -1
-1 -1 -1 -1 -1 -1 -1 0 -1 -1 -1 0 -1 -1 0 -1 -1 0 -1 0 0 -1 0 -1 0 -1 -1 0 -1 0 -1 -1 -1 -1 -1 -1 0 0 -1 0 -1 -1 -1 0 0 -1 -1 0 0 -1 0 0 0 -1 -1 0 0 -1 0 -1 0 -1 -1 -1 0 -1 -1 -1 -1 -1 0 -1 0 -1 0 0 -1 -1 -1 0 0 -1 0 0 -1 0 0 -1 0 -1 -1 0 -1 -1 -1 0 0 0 0 0
-1 -1 0 -1 0 -1 0 -1 -1 -1 -1 -1 -1 0 0 0 -1 -1 0 0 -1 -1 0 -1 -1 -1 -1 -1 -1 0 -1 0 -1 -1 0 -1 -1 0 -1 0 -1 -1 -1 -1 -1 0 -1 -1 0 0 -1 -1 0 0 -1 0 0 0 -1 -1 -1 -1 0 0 0 0 0 -1 -1 -1 -1 0 -1 -1 0 0 -1 -1 0 -1 -1 0 0 -1 -1 0 -1 -1 -1 0 -1 -1 -1 -1 -1 -1 -1 0 -1 -1
-1 0 -1 -1 -1 -1 -1 -1 0 -1 0 0 0 -1 -1 -1 -1 0 -1 0 0 -1 -1 0 0 -1 -1 0 -1 -1 -1 -1 -1 0 0 -1 -1 0 0 -1 -1 -1 -1 -1 0 -1 0 0 0 -1 0 -1 -1 -1 0 0 -1 -1 -1 0 -1 0 0 -1 0 -1 -1 -1 0 0 0 -1 0 -1 0 -1 -1 -1 -1 -1 0 -1 0 0 -1 -1 -1 -1 -1 -1 0 -1 -1 0 -1 -1 -1 -1 -1 0
-1 -1 -1 -1 -1 -1 0 0 -1 -1 -1 -1 -1 0 -1 -1 -1 0 0 -1 -1 -1 -1 0 0 0 -1 -1 0 0 0 -1 -1 0 -1 0 0 0 -1 0 0 0 0 -1 -1 -1 -1 -1 0 -1 -1 -1 -1 0 -1 0 -1 0 0 0 0 0 -1 -1 -1 0 -1 -1 -1 0 -1 0 -1 0 -1 0 -1 -1 -1 0 -1 0 -1 -1 -1 -1 0 -1 0 -1 -1 -1 -1 -1 0 -1 -1 -1 -1 -1
-1 -1 -1 -1 -1 -1 -1 -1 -1 -1 0 -1 0 -1 0 -1 -1 0 0 -1 0 0 -1 -1 -1 0 0 0 -1 0 -1 0 0 0 0 -1 0 -1 -1 0 -1 -1 -1 -1 0 -1 0 0 -1 0 -1 -1 -1 0 -1 -1 0 0 -1 0 -1 -1 -1 0 -1 0 -1 0 -1 0 -1 -1 -1 0 -1 -1 -1 -1 -1 -1 -1 -1 -1 0 0 0 -1 0 -1 -1 -1 0 -1 0 -1 0 0 -1 0 -1
0 -1 0 -1 -1 0 0 0 -1 -1 -1 -1 -1 0 -1 0 -1 -1 0 -1 -1 0 0 -1 0 -1 -1 0 -1 -1 0 -1 0 -1 -1 -1 0 0 -1 -1 -1 -1 0 -1 -1 0 -1 0 -1 -1 -1 0 0 0 -1 0 0 -1 -1 -1 0 0 -1 -1 -1 -1 -1 -1 0 0 0 0 -1 -1 0 -1 -1 -1 -1 -1 -1 -1 0 -1 0 0 -1 0 0 0 -1 -1 0 0 -1 0 0 -1 0 -1
-1 -1 -1 -1 -1 0 -1 0 -1 -1 0 0 0 -1 -1 -1 0 0 0 -1 -1 -1 0 0 0 0 -1 -1 -1 -1 0 -1 0 0 0 0 0 -1 -1 -1 -1 0 -1 -1 -1 -1 0 0 -1 -1 0 -1 0 -1 0 -1 0 0 -1 -1 -1 0 -1 -1 -1 0 -1 0 -1 -1 0 0 -1 -1 -1 0 -1 -1 0 -1 -1 0 -1 0 -1 0 0 0 -1 0 0 -1 0 -1 0 0 0 0 -1 0
-1 0 -1 -1 -1 -1 0 -1 0 -1 0 -1 -1 -1 -1 -1 -1 -1 0 0 -1 -1 -1 0 -1 -1 -1 -1 -1 -1 -1 0 -1 0 -1 -1 -1 0 0 -1 0 -1 -1 0 -1 0 -1 -1 0 -1 0 0 -1 -1 0 -1 -1 -1 -1 -1 0 -1 0 -1 -1 -1 -1 0 -1 -1 -1 0 0 0 0 -1 -1 0 0 -1 0 -1 0 0 -1 -1 -1 -1 -1 -1 0 -1 -1 -1 0 -1 0 -1 -1 -1
-1 -1 -1 0 -1 -1 0 0 0 0 -1 -1 -1 -1 -1 -1 -1 -1 -1 0 0 -1 -1 -1 0 -1 0 -1 -1 -1 -1 0 0 -1 -1 -1 -1 0 0 0 0 0 0 0 -1 0 -1 -1 -1 -1 0 0 0 0 0 -1 -1 -1 -1 -1 0 -1 -1 -1 0 -1 -1 0 -1 -1 -1 -1 -1 0 0 -1 -1 -1 -1 -1 -1 -1 0 0 0 0 -1 0 0 0 -1 -1 0 -1 -1 -1 0 0 -1 -1
-1 -1 -1 -1 -1 -1 -1 0 0 -1 0 -1 0 -1 0 0 0 0 0 0 -1 -1 0 0 0 0 0 0 0 -1 -1 -1 -1 0 -1 0 0 -1 -1 0 -1 -1 -1 -1 -1 -1 -1 -1 -1 -1 -1 0 0 -1 -1 0 -1 -1 -1 -1 -1 -1 -1 -1 0 0 -1 -1 0 0 0 0 -1 -1 -1 -1 -1 0 -1 -1 0 -1 -1 -1 -1 -1 -1 0 0 0 -1 0 -1 -1 0 0 -1 -1 -1 -1
0 -1 0 0 0 -1 -1 -1 0 -1 0 -1 -1 -1 -1 -1 0 -1 -1 -1 -1 -1 -1 0 -1 0 0 0 -1 0 -1 0 0 -1 -1 -1 -1 -1 -1 -1 0 -1 0 0 -1 -1 -1 -1 0 0 0 0 -1 -1 -1 0 0 0 -1 0 -1 0 0 -1 0 -1 0 -1 -1 -1 0 -1 0 -1 -1 -1 -1 -1 -1 -1 -1 -1 -1 -1 -1 -1 -1 0 -1 -1 0 -1 -1 -1 0 0 -1 0 0 -1
-1 -1 0 0 -1 -1 -1 -1 0 0 -1 -1 -1 -1 -1 0 -1 -1 0 0 -1 -1 -1 0 0 -1 -1 -1 -1 0 0 0 -1 -1 -1 0 -1 -1 0 -1 0 -1 0 -1 -1 -1 0 -1 -1 -1 0 -1 0 -1 0 0 0 -1 -1 -1 0 -1 -1 -1 0 -1 0 0 -1 -1 -1 0 0 -1 0 -1 -1 0 0 0 0 -1 0 -1 -1 -1 0 0 0 -1 -1 -1 -1 -1 -1 -1 -1 0 -1 -1
0 -1 -1 0 0 0 0 0 -1 -1 0 -1 -1 0 -1 -1 -1 -1 0 0 0 -1 -1 -1 -1 0 0 0 -1 -1 -1 -1 0 0 -1 0 -1 -1 0 0 0 0 -1 -1 -1 -1 0 -1 -1 0 0 0 0 0 -1 -1 -1 0 -1 0 -1 0 -1 -1 -1 -1 -1 0 0 0 0 -1 -1 -1 -1 -1 -1 0 -1 -1 -1 -1 -1 -1 0 0 -1 0 -1 0 0 -1 -1 -1 0 0 0 -1 -1 -1
0 -1 0 0 0 0 0 -1 -1 0 -1 0 -1 0 -1 -1 0 -1 -1 -1 -1 -1 0 -1 -1 0 -1 0 -1 -1 0 0 -1 -1 -1 -1 -1 0 -1 -1 -1 -1 -1 -1 -1 -1 -1 -1 -1 0 -1 -1 -1 -1 0 -1 -1 -1 0 -1 -1 -1 -1 -1 -1 0 0 0 0 -1 -1 0 0 -1 -1 0 -1 0 -1 -1 -1 -1 0 -1 0 0 -1 -1 -1 -1 -1 -1 -1 -1 0 -1 0 -1 0 0
-1 -1 0 -1 -1 -1 0 -1 0 -1 0 -1 0 -1 0 -1 -1 -1 -1 -1 -1 -1 -1 -1 0 -1 0 0 0 0 -1 -1 0 -1 -1 -1 0 -1 0 -1 -1 0 -1 -1 0 -1 0 -1 0 -1 0 -1 -1 -1 0 -1 -1 -1 0 -1 -1 -1 -1 0 0 -1 -1 -1 -1 -1 -1 0 0 -1 0 -1 -1 0 0 -1 -1 -1 0 -1 0 -1 0 -1 -1 -1 -1 -1 -1 0 -1 -1 -1 -1 -1 0
-1 -1 0 -1 -1 0 -1 -1 -1 -1 -1 0 -1 0 0 0 -1 -1 0 -1 0 -1 -1 -1 0 0 -1 0 0 0 -1 -1 -1 -1 -1 -1 -1 0 0 -1 -1 -1 0 0 0 0 -1 -1 -1 0 -1 0 -1 -1 0 0 0 -1 0 -1 -1 -1 0 -1 0 0 -1 -1 -1 -1 -1 -1 -1 0 -1 0 -1 -1 0 -1 0 0 -1 -1 -1 0 0 -1 -1 -1 0 0 -1 -1 -1 -1 -1 0 -1 0
-1 -1 -1 0 0 0 -1 0 0 -1 -1 -1 -1 -1 -1 -1 -1 0 0 -1 0 -1 0 -1 -1 0 0 -1 -1 -1 0 -1 -1 0 0 -1 0 0 -1 -1 -1 0 -1 -1 -1 0 -1 -1 -1 -1 0 -1 -1 0 0 -1 -1 -1 -1 0 -1 0 -1 0 0 0 0 0 0 -1 -1 -1 -1 -1 0 -1 -1 0 -1 -1 -1 0 -1 -1 -1 0 -1 -1 -1 0 0 -1 -1 0 -1 0 -1 0 -1 0
0 -1 -1 0 0 0 -1 0 0 -1 -1 -1 0 -1 0 0 0 -1 -1 -1 0 0 0 -1 0 0 -1 -1 -1 -1 -1 0 -1 -1 -1 0 0 0 0 -1 -1 -1 -1 0 -1 0 -1 -1 -1 0 -1 -1 0 -1 0 -1 -1 -1 -1 -1 0 0 0 0 -1 0 -1 -1 0 0 -1 -1 0 -1 0 0 -1 -1 0 -1 -1 0 0 -1 -1 -1 0 0 0 -1 0 0 0 -1 0 0 0 -1 -1 0
-1 -1 -1 -1 0 -1 -1 0 0 -1 -1 0 -1 -1 0 0 -1 0 -1 0 0 -1 -1 -1 -1 -1 -1 -1 -1 -1 -1 -1 0 -1 -1 0 -1 -1 0 0 -1 0 -1 -1 -1 0 0 -1 -1 -1 0 0 -1 0 -1 0 -1 0 -1 -1 -1 -1 0 -1 -1 -1 -1 -1 0 0 -1 0 -1 -1 -1 0 -1 -1 -1 -1 -1 -1 0 0 -1 -1 -1 0 0 -1 -1 -1 0 0 0 0 -1 -1 0 -1
-1 -1 -1 0 -1 0 0 0 0 -1 0 0 -1 -1 -1 -1 0 -1 0 0 0 0 0 0 0 -1 -1 0 -1 -1 -1 -1 -1 -1 0 -1 0 0 -1 0 -1 0 -1 0 0 0 0 0 0 -1 0 0 0 0 -1 -1 -1 -1 0 -1 0 0 0 -1 -1 0 0 -1 0 0 -1 -1 -1 -1 -1 0 0 0 -1 0 -1 -1 0 -1 0 0 -1 -1 -1 0 0 0 0 -1 0 0 0 0 -1 0
0 -1 0 -1 -1 0 0 -1 0 -1 -1 0 0 0 0 0 0 -1 -1 0 -1 0 -1 -1 -1 -1 -1 -1 0 0 0 -1 0 0 0 0 0 -1 -1 -1 0 -1 -1 0 -1 -1 -1 -1 -1 0 0 -1 -1 0 0 0 -1 -1 -1 -1 -1 0 -1 0 -1 -1 -1 -1 0 0 -1 0 0 0 -1 0 0 -1 0 -1 -1 0 -1 -1 -1 -1 -1 -1 0 -1 -1 0 -1 -1 0 0 0 -1 0 0
0 -1 0 -1 0 0 -1 -1 -1 0 -1 0 -1 0 -1 0 -1 -1 -1 0 0 0 -1 -1 -1 -1 0 -1 0 -1 0 -1 -1 -1 -1 -1 -1 -1 0 -1 -1 -1 -1 0 -1 0 0 -1 -1 -1 -1 -1 0 -1 -1 0 0 -1 -1 -1 0 -1 -1 0 0 0 -1 -1 0 -1 0 0 -1 -1 -1 -1 0 -1 -1 0 0 -1 -1 -1 -1 -1 0 0 -1 -1 -1 0 -1 -1 -1 0 0 -1 0 -1
0 0 -1 0 -1 -1 -1 -1 -1 -1 0 0 -1 0 -1 -1 -1 -1 0 0 -1 -1 -1 0 -1 -1 0 0 0 0 -1 -1 -1 -1 0 0 -1 -1 -1 0 -1 -1 0 0 -1 -1 0 -1 -1 0 0 0 -1 0 0 -1 0 0 -1 -1 -1 0 0 0 -1 -1 0 0 0 -1 0 -1 -1 -1 -1 -1 0 0 -1 0 -1 -1 0 -1 0 -1 -1 0 -1 0 0 0 -1 -1 -1 -1 -1 0 0 -1
-1 0 -1 0 -1 -1 0 0 -1 -1 -1 -1 -1 -1 -1 0 -1 -1 -1 -1 -1 -1 -1 -1 0 -1 -1 -1 -1 -1 -1 -1 0 0 0 -1 -1 0 -1 -1 -1 -1 0 -1 0 -1 -1 0 -1 0 -1 -1 0 -1 0 0 0 0 0 -1 0 0 -1 0 0 0 -1 -1 -1 0 -1 -1 -1 -1 -1 0 -1 -1 0 0 -1 -1 -1 -1 -1 0 0 -1 0 -1 -1 -1 0 -1 0 -1 0 0 0 0
-1 -1 0 0 0 -1 -1 0 -1 0 -1 0 0 -1 0 0 0 -1 -1 0 0 -1 0 -1 0 -1 -1 0 0 0 -1 -1 -1 0 -1 -1 -1 0 0 -1 -1 0 -1 -1 -1 0 0 -1 0 0 -1 -1 -1 -1 -1 -1 -1 -1 0 -1 -1 -1 -1 -1 -1 -1 -1 -1 0 -1 -1 -1 -1 -1 0 -1 0 -1 -1 0 -1 -1 -1 -1 -1 -1 0 0 -1 0 0 -1 -1 -1 -1 0 -1 0 0 -1
-1 0 0 -1 -1 -1 -1 -1 0 0 -1 0 -1 -1 -1 -1 0 0 -1 -1 -1 -1 -1 0 -1 0 -1 -1 -1 0 -1 -1 -1 -1 -1 0 0 -1 -1 0 -1 -1 -1 -1 -1 0 -1 -1 0 0 -1 0 -1 -1 -1 -1 0 0 -1 0 -1 -1 -1 0 -1 0 0 0 0 0 0 0 -1 0 -1 -1 -1 -1 -1 -1 0 -1 0 -1 -1 -1 0 -1 -1 0 0 -1 -1 0 -1 -1 -1 -1 0 0
-1 -1 0 -1 -1 -1 0 -1 -1 -1 -1 -1 -1 -1 -1 -1 0 -1 -1 0 0 -1 -1 0 -1 -1 -1 -1 0 -1 0 -1 0 -1 0 -1 0 0 -1 -1 0 -1 -1 -1 -1 0 0 -1 0 0 -1 0 0 -1 -1 -1 0 -1 0 0 -1 -1 0 0 0 -1 -1 0 -1 0 0 0 0 -1 -1 0 0 -1 0 0 -1 0 0 0 -1 -1 -1 0 -1 0 0 0 -1 0 0 -1 -1 -1 -1 -1
-1 0 -1 -1 -1 -1 -1 0 -1 -1 0 -1 -1 0 -1 -1 -1 0 -1 -1 0 -1 -1 -1 -1 0 -1 0 -1 0 -1 0 0 0 -1 0 -1 -1 -1 0 -1 -1 -1 -1 -1 0 -1 0 -1 0 0 -1 0 0 0 -1 -1 -1 -1 -1 -1 -1 -1 0 0 -1 0 0 0 -1 0 0 0 -1 -1 -1 -1 -1 0 0 0 0 -1 -1 0 0 -1 0 -1 0 0 0 0 -1 0 -1 0 -1 -1 0
-1 -1 0 0 0 -1 0 -1 -1 0 -1 -1 0 -1 -1 -1 -1 -1 -1 -1 0 -1 -1 0 -1 -1 -1 -1 0 0 0 0 0 -1 -1 -1 -1 0 0 -1 -1 0 -1 -1 0 0 -1 -1 -1 -1 -1 0 -1 -1 0 0 0 -1 0 0 0 0 -1 -1 -1 0 -1 -1 -1 -1 -1 -1 -1 -1 -1 -1 -1 -1 -1 0 -1 -1 0 -1 0 -1 -1 -1 0 -1 -1 -1 -1 0 -1 0 -1 -1 -1 -1
-1 0 -1 -1 0 0 0 0 -1 -1 0 0 -1 0 -1 0 -1 0 -1 0 0 0 -1 -1 -1 0 0 0 0 0 0 -1 -1 -1 0 0 0 0 -1 -1 0 -1 0 -1 -1 -1 0 -1 -1 -1 0 0 -1 -1 0 -1 0 -1 -1 0 0 0 0 0 -1 -1 -1 0 -1 0 -1 0 -1 0 -1 0 -1 -1 0 -1 0 0 -1 0 -1 -1 -1 0 0 -1 -1 -1 0 0 -1 0 -1 -1 -1 0
0 0 0 0 -1 0 -1 -1 0 -1 -1 -1 0 0 -1 0 -1 -1 -1 0 0 -1 0 -1 -1 -1 -1 0 -1 0 -1 0 0 -1 -1 -1 0 0 0 -1 -1 -1 -1 0 -1 -1 -1 -1 0 -1 -1 0 -1 -1 -1 -1 -1 0 -1 0 -1 0 -1 0 0 -1 0 -1 -1 -1 -1 -1 -1 -1 -1 -1 -1 -1 0 0 -1 -1 -1 0 -1 0 -1 -1 -1 0 -1 -1 0 -1 -1 -1 0 0 -1 -1
-1 -1 -1 0 -1 -1 -1 -1 0 -1 0 -1 0 -1 -1 -1 -1 -1 0 -1 0 -1 0 -1 -1 -1 -1 0 0 0 -1 0 0 0 -1 -1 0 -1 0 0 -1 0 0 -1 0 -1 0 -1 -1 0 0 -1 0 -1 -1 0 -1 -1 -1 -1 0 -1 0 0 -1 -1 -1 -1 -1 0 -1 0 0 -1 -1 -1 -1 -1 -1 -1 0 0 0 0 -1 -1 0 -1 -1 0 0 0 0 -1 0 -1 -1 -1 0 -1
0 -1 0 -1 0 -1 -1 -1 -1 0 0 0 0 0 0 0 -1 -1 -1 -1 0 0 0 0 0 0 -1 0 0 0 0 -1 0 0 -1 0 0 0 0 0 0 -1 -1 -1 -1 -1 -1 -1 0 0 -1 0 -1 -1 -1 -1 -1 0 0 -1 -1 -1 0 0 -1 -1 0 -1 -1 -1 -1 -1 -1 0 -1 -1 -1 -1 -1 0 0 0 -1 -1 -1 -1 -1 0 0 0 -1 0 -1 -1 0 0 -1 -1 -1 -1
0 -1 -1 -1 0 -1 -1 0 -1 0 -1 -1 -1 -1 0 -1 -1 -1 0 -1 0 -1 -1 -1 0 0 -1 -1 -1 0 -1 0 0 0 -1 -1 -1 -1 0 0 0 -1 -1 0 -1 -1 -1 -1 -1 0 0 0 0 -1 -1 -1 -1 -1 0 -1 -1 0 -1 -1 -1 -1 -1 -1 0 0 0 -1 -1 0 0 -1 0 0 -1 -1 0 0 -1 -1 -1 0 0 0 -1 -1 -1 0 0 -1 0 -1 0 0 0 -1
0 0 0 -1 0 -1 0 0 -1 -1 -1 0 -1 0 -1 -1 0 0 -1 -1 -1 -1 -1 -1 0 -1 -1 0 -1 0 0 -1 -1 -1 0 -1 -1 -1 0 -1 -1 -1 -1 -1 -1 0 -1 -1 -1 0 -1 -1 -1 -1 0 0 0 -1 -1 -1 -1 -1 -1 0 0 0 -1 0 0 0 -1 0 0 0 -1 -1 0 0 0 -1 -1 -1 -1 0 0 -1 0 0 -1 -1 0 -1 -1 -1 -1 -1 0 -1 0 0
0 0 -1 -1 0 -1 -1 -1 -1 0 -1 -1 -1 -1 -1 -1 0 0 0 -1 -1 -1 -1 0 -1 0 -1 -1 -1 -1 0 0 -1 0 0 -1 -1 0 0 -1 0 -1 -1 0 -1 -1 -1 -1 -1 0 0 0 0 -1 0 -1 -1 -1 -1 -1 -1 -1 0 -1 -1 -1 -1 -1 -1 -1 -1 -1 0 0 -1 -1 -1 0 -1 -1 -1 -1 0 -1 0 0 0 0 -1 -1 0 -1 -1 -1 -1 0 -1 -1 -1 0
-1 0 0 -1 0 -1 -1 -1 -1 0 0 0 -1 0 -1 -1 -1 -1 -1 -1 -1 -1 0 0 -1 -1 -1 0 -1 0 -1 0 -1 -1 -1 -1 0 0 -1 0 -1 0 0 -1 0 -1 -1 0 -1 0 0 -1 0 0 -1 -1 -1 0 0 0 0 0 -1 -1 -1 0 -1 0 -1 0 -1 -1 -1 0 -1 -1 -1 -1 0 -1 0 -1 0 -1 0 -1 0 -1 -1 -1 0 -1 -1 -1 -1 -1 -1 -1 0 -1
-1 -1 -1 -1 0 0 -1 -1 0 0 -1 -1 0 0 0 -1 -1 0 0 -1 -1 -1 -1 -1 0 -1 0 0 -1 -1 0 0 -1 -1 0 0 -1 0 0 0 -1 0 0 0 -1 0 -1 0 -1 0 -1 -1 -1 0 -1 -1 0 0 0 -1 0 -1 -1 -1 -1 -1 0 0 -1 0 0 0 0 -1 -1 0 0 -1 0 -1 -1 -1 0 -1 0 -1 0 -1 -1 0 -1 -1 0 0 0 0 -1 0 0 -1
-1 0 0 -1 -1 0 -1 -1 0 -1 0 -1 0 -1 -1 -1 -1 0 -1 -1 -1 0 -1 -1 0 0 0 0 -1 0 -1 -1 -1 0 0 -1 -1 0 -1 -1 -1 -1 -1 0 -1 0 -1 -1 -1 0 -1 0 0 -1 -1 0 -1 0 -1 -1 -1 -1 -1 -1 -1 -1 -1 -1 -1 -1 0 -1 -1 -1 -1 -1 -1 -1 0 -1 0 0 -1 -1 0 0 -1 0 0 -1 0 0 -1 0 -1 -1 -1 -1 -1 0
-1 -1 -1 0 -1 -1 -1 0 -1 -1 0 0 -1 0 -1 0 -1 -1 -1 -1 -1 -1 0 -1 0 0 -1 -1 -1 -1 -1 0 -1 -1 -1 0 -1 0 -1 -1 -1 -1 0 -1 -1 -1 0 -1 -1 0 -1 -1 0 0 0 -1 -1 0 -1 0 -1 0 0 0 -1 -1 0 -1 -1 -1 -1 -1 -1 0 -1 -1 -1 -1 -1 -1 -1 0 -1 0 0 -1 -1 -1 -1 -1 0 0 0 -1 -1 -1 -1 0 0 0
-1 -1 0 0 0 0 -1 -1 -1 -1 -1 -1 -1 -1 -1 0 0 -1 -1 0 0 -1 -1 -1 -1 0 0 -1 0 -1 0 0 0 0 -1 -1 0 -1 -1 0 0 -1 -1 -1 0 -1 -1 -1 -1 0 0 0 0 -1 -1 -1 -1 -1 0 -1 -1 -1 -1 -1 -1 -1 -1 -1 -1 0 -1 -1 0 0 -1 -1 -1 0 -1 -1 -1 -1 -1 -1 0 0 -1 -1 -1 0 -1 -1 -1 0 -1 0 0 -1 -1 0
0 -1 0 0 -1 -1 0 0 0 0 0 0 -1 0 0 -1 -1 0 0 -1 0 -1 -1 -1 0 -1 -1 0 0 0 -1 -1 -1 -1 -1 0 -1 0 -1 0 0 -1 0 -1 -1 0 0 -1 -1 -1 -1 0 0 0 -1 -1 0 0 -1 0 -1 0 -1 -1 -1 0 -1 0 -1 -1 -1 -1 -1 0 -1 -1 -1 -1 -1 -1 -1 0 -1 0 0 -1 0 0 -1 0 0 0 0 -1 0 -1 0 -1 0 -1
-1 0 -1 -1 0 0 -1 0 0 -1 0 0 -1 0 -1 0 -1 -1 0 -1 -1 -1 0 0 0 -1 -1 -1 0 0 0 -1 0 0 -1 0 -1 -1 0 0 0 0 -1 -1 -1 0 -1 -1 -1 -1 0 -1 0 0 -1 -1 -1 0 0 0 -1 -1 -1 0 -1 -1 -1 0 0 0 -1 -1 0 -1 0 0 -1 0 -1 0 -1 -1 -1 -1 0 0 -1 -1 -1 -1 -1 -1 0 0 -1 0 -1 0 -1 -1
-1 -1 0 0 -1 -1 0 0 -1 0 0 0 -1 0 0 0 -1 -1 -1 -1 0 0 -1 -1 -1 -1 -1 0 0 -1 0 -1 0 -1 0 0 0 0 0 -1 -1 -1 0 0 0 0 0 0 -1 0 -1 0 -1 0 -1 -1 -1 -1 -1 0 0 0 -1 -1 -1 0 -1 0 0 -1 0 -1 0 0 0 0 -1 0 -1 -1 -1 -1 -1 -1 0 0 -1 -1 0 0 0 0 -1 0 0 -1 0 0 -1 -1
0 0 -1 0 -1 0 -1 -1 -1 0 0 -1 -1 -1 0 -1 0 0 0 -1 0 0 -1 -1 -1 -1 -1 0 0 0 0 0 0 -1 0 -1 -1 -1 -1 0 -1 0 -1 -1 -1 -1 0 0 -1 0 -1 -1 -1 -1 0 -1 -1 -1 -1 -1 -1 0 -1 0 0 -1 0 -1 -1 -1 -1 -1 -1 0 -1 -1 0 -1 -1 -1 0 -1 -1 -1 -1 -1 0 0 -1 -1 0 -1 0 -1 -1 0 -1 -1 0 -1
0 0 0 -1 0 0 -1 -1 -1 -1 0 -1 -1 0 -1 -1 0 0 -1 -1 0 0 -1 -1 -1 0 -1 -1 0 0 -1 -1 -1 0 0 -1 -1 -1 0 -1 -1 -1 -1 -1 0 -1 0 0 -1 0 -1 -1 -1 -1 -1 -1 0 0 0 -1 -1 0 0 -1 0 0 0 0 -1 -1 0 0 0 -1 0 -1 -1 -1 0 0 0 -1 -1 -1 -1 -1 0 -1 -1 0 -1 -1 0 -1 0 -1 -1 0 0 -1
-1 -1 -1 0 -1 -1 -1 0 0 -1 -1 -1 0 -1 -1 0 -1 -1 0 -1 0 -1 -1 0 0 0 -1 -1 -1 -1 0 -1 -1 -1 0 0 -1 0 0 -1 -1 0 -1 0 0 -1 -1 -1 -1 -1 -1 -1 -1 -1 -1 0 -1 -1 -1 -1 -1 -1 -1 -1 -1 -1 0 0 0 0 -1 0 0 -1 0 -1 -1 0 -1 -1 -1 -1 0 -1 -1 -1 0 0 -1 0 -1 0 -1 -1 0 0 -1 -1 -1 0
-1 0 0 -1 -1 0 0 -1 -1 -1 -1 0 -1 0 0 -1 -1 0 0 0 -1 0 0 -1 0 -1 0 0 -1 0 0 -1 -1 -1 -1 0 0 0 -1 0 -1 -1 0 -1 0 0 0 0 -1 -1 -1 0 -1 -1 0 -1 -1 -1 0 0 -1 -1 0 0 -1 0 -1 -1 0 -1 -1 -1 -1 -1 -1 0 0 -1 0 -1 0 -1 0 -1 0 0 0 -1 0 -1 -1 -1 -1 -1 0 -1 0 -1 0 0
0 0 0 0 0 0 -1 -1 0 0 -1 -1 -1 0 0 -1 -1 0 -1 -1 -1 -1 0 -1 -1 0 -1 0 0 -1 0 -1 -1 0 -1 0 -1 0 0 -1 -1 0 0 -1 -1 0 0 0 -1 -1 -1 0 0 -1 -1 0 0 0 -1 -1 -1 -1 0 -1 0 0 -1 -1 -1 -1 -1 -1 0 -1 0 0 -1 0 0 -1 -1 -1 0 -1 0 -1 0 0 -1 0 -1 0 0 -1 -1 -1 -1 -1 0 0
-1 0 -1 -1 -1 0 -1 -1 -1 -1 0 -1 -1 -1 0 -1 -1 0 -1 0 0 0 0 0 -1 -1 -1 -1 0 -1 -1 0 -1 -1 -1 0 -1 -1 -1 0 0 0 -1 -1 0 -1 0 -1 -1 -1 -1 -1 -1 0 -1 -1 -1 -1 -1 0 0 -1 -1 0 0 0 -1 0 0 0 0 0 0 -1 -1 -1 0 0 -1 0 0 -1 0 -1 -1 -1 -1 -1 -1 -1 -1 -1 -1 -1 -1 -1 -1 0 0 -1
-1 -1 0 0 -1 -1 0 -1 -1 -1 -1 0 -1 -1 0 -1 0 -1 0 0 -1 -1 -1 -1 -1 -1 0 -1 0 -1 -1 0 -1 -1 0 -1 0 0 -1 0 -1 0 -1 0 -1 -1 -1 0 -1 -1 0 -1 -1 -1 -1 -1 0 0 -1 -1 0 -1 0 -1 -1 0 -1 0 -1 -1 -1 0 -1 -1 -1 -1 0 -1 -1 -1 -1 -1 0 0 -1 0 -1 -1 0 0 -1 0 -1 -1 -1 0 -1 0 -1 -1
0 -1 -1 0 0 -1 0 0 0 0 0 -1 -1 -1 -1 -1 -1 -1 0 -1 0 -1 -1 0 -1 -1 -1 0 0 -1 0 -1 -1 -1 -1 0 0 -1 -1 0 -1 -1 0 -1 0 0 -1 -1 0 -1 0 -1 -1 0 0 0 -1 -1 -1 0 -1 -1 -1 0 -1 -1 -1 -1 -1 0 -1 0 -1 0 0 0 -1 -1 -1 -1 -1 -1 -1 0 -1 0 0 -1 -1 -1 -1 0 -1 -1 -1 0 0 -1 0 0
-1 0 -1 0 0 -1 -1 -1 -1 0 0 0 -1 0 -1 -1 -1 0 -1 -1 -1 -1 -1 0 -1 -1 0 0 0 -1 0 0 0 -1 -1 -1 0 0 -1 0 -1 -1 0 -1 -1 0 -1 -1 0 0 -1 0 -1 -1 -1 0 -1 -1 0 -1 -1 0 -1 -1 0 -1 0 -1 0 -1 0 -1 -1 -1 0 -1 -1 -1 -1 0 0 -1 -1 -1 0 -1 -1 0 0 0 0 0 0 0 -1 -1 0 -1 0 -1
-1 0 0 0 0 -1 -1 0 0 0 0 -1 -1 -1 -1 -1 -1 0 -1 -1 -1 0 -1 0 0 -1 0 0 0 -1 -1 -1 -1 -1 0 0 -1 -1 0 -1 -1 0 -1 0 0 -1 -1 -1 0 -1 -1 0 0 0 0 -1 0 0 0 0 0 -1 -1 -1 -1 0 -1 0 0 0 -1 0 0 -1 -1 -1 0 0 0 -1 0 -1 0 -1 -1 -1 -1 -1 -1 -1 -1 0 0 0 -1 0 -1 -1 0 0
-1 0 -1 -1 0 -1 -1 -1 -1 -1 -1 -1 -1 0 -1 -1 0 0 -1 0 0 -1 0 0 0 -1 0 -1 -1 -1 -1 0 -1 -1 -1 -1 0 -1 0 0 -1 -1 -1 -1 0 -1 0 0 0 -1 -1 0 -1 -1 -1 -1 0 0 -1 0 -1 -1 -1 0 -1 -1 -1 0 -1 -1 -1 -1 -1 0 0 -1 -1 -1 -1 -1 0 -1 -1 0 0 0 -1 -1 -1 0 0 -1 0 0 0 0 -1 0 0 -1
-1 0 0 -1 0 -1 -1 -1 -1 0 -1 0 -1 -1 0 -1 -1 -1 -1 -1 -1 0 -1 0 -1 -1 0 -1 0 -1 -1 -1 0 -1 -1 -1 -1 0 -1 -1 0 0 0 0 -1 0 0 -1 0 0 -1 -1 -1 0 0 -1 0 0 0 -1 -1 -1 -1 -1 -1 -1 0 -1 0 0 0 -1 -1 -1 0 -1 0 0 -1 -1 0 -1 -1 0 -1 -1 0 -1 0 -1 -1 0 -1 0 -1 0 0 -1 0 0
0 -1 0 -1 -1 -1 -1 0 -1 0 -1 -1 -1 0 -1 0 0 0 0 0 0 -1 -1 0 -1 -1 0 0 -1 -1 0 0 -1 -1 0 0 -1 0 -1 0 0 -1 0 -1 -1 -1 -1 0 0 -1 -1 0 -1 -1 -1 -1 -1 -1 0 0 0 0 -1 -1 0 -1 -1 -1 0 0 -1 -1 -1 -1 0 -1 0 0 -1 0 -1 0 0 -1 0 0 0 -1 0 0 0 -1 0 0 -1 0 -1 0 -1 -1
100
0 8 0 -5 2 -2 -9 0 0 8 -2 8 3 0 0 4 -5 4 0 0 -4 0 7 0 10 2 0 -5 0 -9 8 -1 0 -7 0 0 -9 0 10 -5 -6 8 8 0 0 0 -5 0 0 5 -5 4 4 10 0 0 -9 0 3 0 0 8 -9 8 0 5 0 -6 -8 0 -6 3 4 0 0 -3 -2 0 -6 0 -7 -8 10 10 0 0 2 9 0 -4 -10 -5 -4 -9 0 -9 0 0 0 -7 