60
60
0 0 -1 0 -1 0 -1 -1 -1 0 -1 0 0 0 -1 0 0 0 0 0 0 0 0 0 0 -1 6 0 0 -1 0 0 0 0 0 0 0 -1 0 -1 0 0 0 0 0 -1 0 0 -1 0 0 -1 0 -1 0 0 0 -1 0 0
-1 -1 -1 -1 0 0 0 0 -1 -1 0 0 -1 0 0 -1 -1 0 0 -1 0 -1 -1 0 -1 0 0 0 -1 0 0 0 0 0 -1 -1 -1 0 -1 0 0 0 0 0 0 -1 0 -1 -1 0 0 0 -1 0 0 0 0 -1 0 -1
0 0 0 0 -1 -1 -1 0 0 0 0 -1 -1 0 0 -1 0 0 0 0 0 0 -1 0 -1 0 -1 -1 0 0 0 0 -1 0 0 -1 0 0 -1 0 0 -1 0 -1 -1 -1 0 -1 -1 0 0 -1 -1 0 0 0 0 0 -1 0
0 0 -1 -1 0 -1 -1 -1 0 0 0 -1 0 0 -1 0 0 0 -1 -1 -1 0 0 0 0 0 -1 0 -1 -1 -1 0 0 -1 0 -1 0 -1 0 0 0 -1 -1 0 0 0 0 -1 -1 0 -1 -1 -1 0 0 -1 0 0 0 0
0 -1 0 -1 0 0 0 0 0 0 0 -1 0 -1 -1 -1 0 -1 -1 0 0 0 -1 -1 0 -1 0 0 0 0 -1 0 0 0 0 -1 0 0 0 0 -1 0 0 0 0 -1 -1 -1 -1 -1 0 0 0 -1 -1 0 -1 0 0 -1
-1 0 0 0 0 0 -1 -1 0 0 0 0 0 0 -1 -1 0 0 0 0 0 -1 -1 0 0 -1 0 0 0 0 -1 -1 0 -1 0 -1 -1 -1 -1 0 0 -1 0 -1 -1 0 0 0 0 0 0 -1 0 -1 -1 0 0 0 0 -1
0 0 0 0 -1 -1 0 0 -1 -1 0 0 0 0 0 -1 0 0 0 -1 -1 0 -1 -1 0 0 0 -1 0 -1 0 -1 -1 0 -1 -1 0 0 0 -1 0 0 0 0 -1 -1 -1 0 0 0 0 -1 0 0 0 0 -1 0 0 -1
0 -1 -1 0 0 0 0 -1 0 -1 0 -1 -1 0 0 0 0 0 -1 -1 -1 0 -1 0 0 0 0 0 0 0 0 0 0 -1 0 -1 0 0 0 0 0 0 0 -1 -1 -1 0 0 0 0 0 0 0 0 0 0 -1 0 0 -1
0 -1 0 0 -1 -1 -1 0 0 0 0 -1 -1 0 -1 0 0 -1 -1 -1 -1 0 -1 -1 0 -1 0 0 -1 0 -1 0 -1 0 0 -1 -1 0 0 0 0 0 0 0 0 0 -1 -1 -1 -1 0 0 -1 -1 -1 0 0 0 0 0
0 0 0 0 -1 -1 -1 -1 0 0 -1 -1 -1 -1 0 0 0 0 -1 0 -1 0 -1 -1 -1 -1 -1 -1 0 0 -1 0 0 0 0 0 0 0 -1 -1 0 0 -1 -1 0 -1 0 0 -1 -1 -1 0 -1 0 -1 0 0 0 -1 0
-1 0 -1 -1 0 -1 -1 0 0 -1 0 0 0 0 0 -1 0 0 0 0 -1 -1 0 0 0 0 0 -1 -1 0 -1 0 -1 0 0 -1 0 -1 -1 0 0 0 -1 -1 0 0 -1 -1 -1 0 0 0 0 0 -1 0 -1 0 -1 0
-1 0 -1 -1 0 0 0 -1 0 -1 -1 0 -1 -1 0 0 -1 0 0 0 -1 -1 -1 0 -1 0 0 -1 0 0 0 0 0 0 0 -1 0 0 -1 -1 -1 -1 0 -1 0 -1 0 0 -1 0 0 0 -1 -1 -1 -1 0 -1 -1 0
0 0 0 0 0 0 0 0 0 0 -1 0 -1 -1 -1 0 0 0 0 0 -1 -1 0 -1 -1 -1 -1 -1 0 0 0 0 0 0 0 0 -1 -1 -1 -1 -1 -1 0 0 -1 -1 -1 0 -1 0 0 0 -1 -1 -1 0 0 -1 0 0
0 0 -1 0 -1 0 -1 0 -1 0 0 -1 0 -1 0 -1 0 0 0 0 0 -1 -1 0 -1 0 0 -1 -1 -1 -1 0 0 -1 0 0 0 0 -1 0 0 0 0 0 -1 0 -1 0 -1 0 0 -1 0 0 -1 0 0 0 0 0
-1 0 0 -1 -1 -1 -1 0 -1 -1 0 -1 -1 -1 0 0 0 0 -1 0 0 0 0 -1 -1 0 0 0 0 -1 -1 -1 -1 -1 0 -1 0 0 0 0 0 0 0 0 -1 0 -1 0 0 0 0 -1 0 0 -1 -1 -1 0 -1 0
0 -1 -1 0 0 0 -1 0 -1 0 0 -1 0 0 0 -1 0 -1 -1 0 0 0 -1 -1 -1 0 0 -1 0 -1 0 0 0 -1 -1 -1 0 0 -1 0 0 -1 0 -1 0 0 -1 0 0 0 0 -1 -1 0 -1 0 0 0 -1 0
-1 -1 -1 -1 0 0 0 -1 0 0 0 0 -1 0 0 0 0 -1 0 0 0 0 -1 -1 0 -1 0 -1 0 0 -1 -1 -1 0 -1 -1 0 -1 0 -1 -1 -1 -1 0 -1 -1 -1 0 -1 0 0 -1 0 -1 0 -1 -1 0 0 0
0 -1 0 0 -1 0 0 -1 -1 0 0 0 -1 0 -1 0 -1 -1 -1 0 -1 0 0 -1 -1 -1 0 0 -1 0 0 0 0 0 0 0 -1 0 -1 -1 0 0 0 0 -1 -1 0 0 0 -1 -1 -1 -1 0 -1 -1 0 0 0 0
0 0 0 0 0 0 0 0 -1 -1 0 0 0 0 0 0 0 -1 0 0 -1 -1 -1 -1 0 0 0 0 -1 -1 0 -1 0 0 0 -1 0 0 0 -1 -1 0 0 0 0 0 0 0 -1 0 0 -1 0 0 0 0 0 0 -1 -1
0 0 -1 -1 0 0 0 -1 -1 0 -1 -1 0 -1 0 0 0 0 -1 0 0 -1 -1 0 -1 0 0 0 -1 -1 0 -1 -1 0 -1 -1 0 -1 0 -1 0 -1 -1 -1 0 0 -1 -1 -1 0 -1 -1 -1 -1 0 -1 0 0 -1 0
0 -1 -1 0 0 0 0 0 -1 -1 -1 0 0 0 -1 -1 -1 0 0 0 0 0 0 0 -1 -1 0 0 0 0 0 -1 0 -1 0 0 0 -1 0 0 0 0 -1 0 -1 0 -1 0 0 0 0 0 0 -1 -1 -1 0 0 0 0
0 0 0 0 -1 -1 0 -1 0 0 -1 0 -1 0 -1 0 -1 0 -1 0 0 0 -1 -1 0 -1 -1 0 0 0 0 0 0 0 0 0 -1 -1 0 -1 0 0 -1 0 -1 0 0 -1 0 0 0 0 -1 0 0 0 0 -1 -1 -1
0 -1 0 0 0 0 0 0 -1 0 0 -1 -1 0 -1 0 0 0 0 -1 -1 0 0 0 0 0 0 0 0 -1 0 -1 0 -1 -1 0 -1 -1 0 -1 0 -1 0 -1 -1 -1 0 0 -1 0 -1 0 -1 0 -1 0 -1 0 0 0
-1 0 0 0 -1 0 -1 0 0 -1 -1 -1 0 -1 0 -1 0 -1 0 -1 -1 -1 0 0 -1 0 -1 -1 0 0 0 -1 -1 0 0 0 -1 0 -1 0 0 -1 -1 0 0 0 0 0 0 0 -1 0 0 0 0 0 -1 0 0 -1
-1 -1 0 0 0 0 -1 0 -1 -1 -1 -1 0 -1 -1 -1 -1 0 -1 0 -1 0 0 0 0 -1 0 0 0 0 -1 0 -1 -1 0 -1 -1 0 -1 0 0 0 0 0 0 -1 -1 0 0 -1 0 0 0 -1 0 -1 0 0 -1 -1
-1 -1 0 -1 0 0 0 -1 -1 -1 -1 0 0 0 0 0 0 -1 -1 0 0 -1 0 0 0 0 -1 0 -1 -1 0 -1 -1 0 -1 0 0 0 -1 0 0 0 -1 0 0 -1 0 0 -1 -1 0 0 -1 0 0 -1 0 -1 -1 0
0 0 0 -1 -1 -1 -1 -1 0 -1 -1 0 0 -1 0 0 -1 0 -1 -1 0 0 0 -1 0 0 -1 0 -1 -1 -1 0 -1 -1 0 0 -1 0 0 0 0 0 0 -1 -1 0 -1 -1 -1 0 0 0 -1 0 -1 -1 -1 -1 -1 0
0 -1 0 -1 0 -1 -1 -1 0 -1 -1 -1 0 0 0 -1 0 0 0 0 0 0 -1 0 -1 0 -1 0 -1 -1 0 -1 -1 -1 0 -1 -1 -1 0 -1 -1 0 0 -1 0 -1 0 -1 0 0 0 0 0 0 0 0 0 0 0 0
-1 0 0 0 0 0 0 0 0 -1 -1 -1 0 0 0 -1 -1 -1 -1 -1 0 -1 -1 -1 -1 -1 0 0 -1 -1 -1 -1 -1 0 0 -1 0 0 0 -1 0 0 0 -1 0 0 0 -1 -1 0 -1 -1 -1 0 0 -1 0 -1 0 0
0 -1 -1 0 -1 0 -1 -1 0 -1 0 -1 0 0 0 0 0 -1 -1 -1 0 0 0 0 0 0 0 -1 0 0 0 -1 0 -1 0 -1 0 0 0 0 0 0 -1 -1 -1 -1 -1 0 0 0 -1 -1 0 -1 0 0 0 0 -1 -1
-1 -1 0 -1 -1 0 0 -1 0 0 -1 -1 0 -1 0 -1 -1 0 0 0 0 0 0 0 -1 0 -1 -1 -1 0 0 -1 -1 -1 0 0 -1 -1 -1 0 0 -1 0 0 0 0 -1 0 0 0 -1 0 -1 -1 0 0 0 0 -1 0
0 0 0 0 -1 0 -1 -1 0 0 0 0 0 0 0 0 0 0 -1 0 0 0 0 -1 0 0 0 -1 0 -1 -1 -1 -1 -1 0 0 -1 0 0 -1 -1 -1 0 -1 0 0 0 0 0 0 0 0 0 -1 -1 0 -1 -1 0 0
0 0 -1 0 -1 0 0 0 -1 0 0 -1 0 0 -1 0 0 0 0 0 0 0 -1 -1 0 -1 -1 -1 -1 -1 0 -1 0 0 0 -1 0 -1 -1 0 -1 0 -1 0 0 0 0 -1 -1 -1 0 0 -1 0 0 -1 0 0 0 -1
-1 -1 -1 -1 -1 0 0 0 -1 -1 0 0 0 0 0 0 0 0 0 0 -1 -1 -1 0 -1 -1 0 -1 0 -1 -1 0 0 0 0 -1 0 -1 0 0 -1 -1 0 0 0 -1 0 0 0 0 -1 -1 0 -1 0 0 -1 0 -1 0
0 -1 0 -1 0 0 -1 -1 0 0 -1 -1 -1 -1 0 0 0 0 -1 0 0 0 0 -1 0 0 -1 -1 0 0 -1 0 -1 0 0 -1 0 0 0 -1 0 -1 0 0 0 -1 -1 0 -1 -1 0 0 0 -1 0 -1 0 -1 0 0
0 -1 -1 0 -1 0 0 0 0 0 -1 0 -1 -1 -1 0 -1 0 -1 -1 -1 0 -1 0 0 0 0 0 -1 -1 0 0 -1 -1 -1 -1 0 0 0 -1 -1 0 -1 -1 0 -1 -1 -1 0 -1 0 0 0 -1 0 -1 0 -1 0 0
0 0 -1 0 0 -1 -1 -1 -1 0 -1 -1 -1 -1 -1 0 0 -1 0 0 -1 0 0 -1 -1 0 0 -1 -1 -1 0 -1 0 -1 0 0 0 0 0 0 -1 -1 0 -1 -1 0 0 0 0 -1 0 -1 0 -1 0 -1 0 0 -1 -1
-1 -1 0 -1 0 0 -1 -1 0 -1 -1 0 0 0 0 0 0 0 0 -1 0 0 0 0 0 -1 0 -1 -1 -1 0 -1 -1 0 0 -1 0 0 0 0 -1 0 0 0 0 -1 -1 0 0 0 0 0 0 -1 0 0 -1 0 0 0
0 -1 0 0 0 -1 -1 -1 0 0 0 0 0 -1 0 0 0 -1 0 0 -1 -1 0 0 0 0 0 0 0 -1 -1 -1 0 -1 0 -1 0 0 -1 0 0 -1 -1 -1 0 0 0 -1 -1 -1 -1 0 0 0 0 0 -1 0 0 0
-1 0 0 0 0 0 0 0 0 0 0 0 0 0 -1 -1 0 0 -1 0 0 -1 -1 0 -1 0 0 0 0 -1 -1 -1 0 -1 0 -1 0 0 0 -1 0 0 0 0 -1 -1 0 0 0 0 0 0 0 -1 -1 0 -1 0 0 0
0 0 0 -1 0 -1 0 0 -1 0 -1 -1 0 0 0 0 0 0 -1 0 -1 0 0 0 0 0 0 0 0 -1 0 0 0 0 0 0 -1 0 0 0 -1 0 0 -1 -1 0 -1 -1 0 0 0 -1 0 -1 -1 0 -1 0 0 -1
0 0 0 0 0 0 -1 -1 0 -1 0 -1 -1 -1 -1 0 -1 0 -1 0 0 0 -1 0 0 0 0 0 -1 -1 0 0 0 -1 0 0 0 -1 0 -1 0 0 -1 -1 -1 0 0 0 0 0 0 0 0 0 0 0 0 0 -1 -1
-1 0 0 0 -1 0 0 0 0 0 0 -1 -1 -1 0 -1 -1 0 0 0 0 0 0 0 0 -1 0 0 0 -1 0 0 0 0 0 0 -1 0 -1 0 0 -1 -1 0 0 -1 -1 -1 -1 0 -1 -1 0 0 0 0 0 -1 -1 -1
-1 0 -1 -1 0 0 0 -1 -1 0 -1 0 0 -1 -1 0 0 -1 0 0 -1 -1 -1 0 0 0 -1 -1 -1 -1 0 0 0 0 -1 0 0 0 -1 -1 0 0 -1 0 -1 -1 -1 -1 -1 -1 0 0 -1 0 -1 0 -1 0 -1 0
-1 0 0 0 -1 -1 -1 -1 0 0 0 -1 0 -1 -1 0 0 0 0 -1 0 0 0 -1 0 0 0 0 0 0 -1 -1 0 -1 0 0 0 -1 0 0 0 0 0 -1 0 0 -1 -1 0 0 -1 -1 0 -1 0 0 0 0 -1 0
-1 0 0 -1 0 -1 -1 -1 0 0 -1 -1 -1 -1 0 0 0 0 0 -1 0 0 0 -1 -1 -1 0 0 0 -1 -1 0 -1 0 0 0 0 0 -1 0 -1 -1 0 -1 0 0 0 -1 -1 0 -1 0 0 -1 0 0 0 -1 0 0
0 0 0 0 0 0 -1 -1 0 -1 -1 -1 -1 -1 0 -1 -1 0 -1 0 0 -1 0 0 0 0 0 0 -1 0 0 -1 0 0 -1 0 0 0 -1 0 0 0 0 0 0 0 0 0 0 0 0 -1 -1 0 -1 0 0 0 0 0
-1 0 0 0 0 -1 -1 0 0 -1 0 -1 -1 0 0 0 -1 -1 0 0 0 0 -1 0 -1 0 0 -1 -1 0 0 -1 0 -1 0 -1 0 -1 -1 -1 0 0 -1 0 0 -1 0 0 0 0 0 -1 0 -1 0 -1 -1 0 -1 0
0 -1 -1 -1 -1 -1 -1 -1 -1 0 -1 0 0 0 0 -1 0 -1 0 -1 0 -1 0 0 -1 -1 -1 0 0 0 0 -1 0 0 -1 0 -1 -1 -1 0 0 -1 0 0 0 0 0 -1 -1 -1 0 -1 -1 0 0 -1 -1 0 -1 0
-1 0 0 -1 -1 -1 0 -1 0 0 0 -1 -1 0 -1 -1 0 0 -1 0 0 0 0 -1 0 0 0 0 0 0 0 0 0 -1 0 -1 -1 0 -1 0 0 -1 0 0 -1 0 0 0 0 -1 -1 -1 0 -1 -1 -1 -1 0 -1 -1
-1 0 0 0 0 -1 0 0 -1 0 -1 0 0 -1 -1 0 0 -1 0 0 -1 0 -1 0 -1 0 -1 -1 0 0 -1 -1 0 -1 -1 -1 0 -1 -1 0 -1 -1 -1 0 -1 0 0 -1 0 0 0 -1 0 0 0 -1 0 0 0 0
0 -1 -1 0 0 -1 -1 0 0 0 -1 0 -1 -1 0 -1 -1 0 0 0 0 -1 0 0 0 -1 -1 0 -1 -1 0 0 0 0 0 -1 0 0 0 0 -1 -1 -1 0 0 0 0 0 0 0 0 -1 0 0 0 -1 -1 0 0 -1
0 0 -1 -1 0 0 0 0 -1 -1 -1 -1 -1 -1 0 -1 -1 0 0 0 -1 0 0 -1 0 0 0 0 -1 0 -1 -1 0 0 0 0 -1 0 -1 0 0 -1 0 0 0 0 0 0 -1 -1 0 -1 -1 -1 -1 0 -1 -1 0 0
-1 0 0 -1 -1 -1 0 0 0 -1 -1 0 0 -1 0 0 0 0 0 0 0 -1 0 0 -1 0 0 0 -1 -1 0 0 0 0 0 0 0 0 0 0 -1 0 0 0 0 0 -1 0 0 0 -1 0 0 -1 -1 0 0 0 0 0
0 0 -1 0 0 -1 0 -1 -1 -1 0 0 0 -1 0 0 -1 0 0 0 -1 -1 -1 0 -1 -1 0 0 0 0 0 0 -1 -1 -1 0 -1 -1 0 0 -1 0 0 -1 0 0 -1 -1 -1 -1 -1 -1 -1 0 -1 -1 -1 -1 -1 0
-1 -1 -1 -1 0 0 0 -1 0 -1 0 0 -1 0 0 -1 -1 0 0 0 -1 0 0 0 -1 0 0 0 -1 0 0 0 -1 0 0 0 -1 -1 0 0 0 0 0 0 -1 -1 -1 0 0 -1 -1 0 0 -1 -1 0 0 -1 -1 -1
-1 0 0 -1 0 -1 -1 0 0 0 -1 0 -1 -1 0 -1 0 -1 -1 -1 -1 -1 0 -1 -1 -1 -1 0 -1 0 0 0 0 0 0 -1 0 -1 0 -1 0 -1 -1 0 0 -1 0 0 -1 0 -1 0 0 -1 -1 -1 -1 -1 0 0
-1 0 0 0 0 -1 0 -1 -1 0 -1 0 0 0 0 0 0 0 0 -1 0 0 0 0 -1 0 0 -1 0 0 -1 0 -1 0 -1 0 -1 -1 -1 0 0 0 0 0 -1 0 0 -1 0 0 -1 -1 0 0 0 -1 0 0 0 0
0 -1 -1 0 0 -1 0 0 -1 0 0 -1 -1 -1 0 0 -1 0 0 0 0 0 -1 -1 -1 -1 0 0 -1 0 0 -1 -1 0 0 -1 -1 -1 -1 -1 0 0 0 0 -1 0 -1 -1 -1 -1 0 0 0 0 0 0 -1 -1 -1 -1
0 0 0 0 -1 0 0 0 0 0 0 -1 0 -1 0 -1 -1 -1 -1 0 0 0 -1 -1 0 0 0 0 0 0 0 -1 0 0 0 0 0 -1 -1 0 0 0 -1 -1 0 -1 -1 0 0 0 0 -1 0 0 0 0 0 -1 0 0
60
-9 0 3 0 1 0 0 0 1 0 0 -10 -5 0 0 -4 0 -5 0 0 8 0 -6 -10 0 0 10 0 0 0 0 0 0 0 0 0 5 0 1 0 0 0 -8 3 0 0 4 6 3 0 -2 0 0 -2 0 7 -5 7 0 0 