150
150
0 0 -1 -1 -1 0 0 0 0 0 0 -1 0 -1 0 0 0 0 0 0 -1 0 -1 0 0 0 0 0 0 0 0 -1 0 0 0 -1 0 0 0 -1 -1 0 -1 0 0 0 0 0 -1 0 0 0 -1 -1 0 -1 -1 0 0 0 -1 0 0 0 -1 -1 0 0 -1 -1 -1 0 0 0 -1 -1 -1 0 0 -1 -1 -2 0 0 -1 0 0 -1 -1 -1 0 0 0 0 -1 0 -1 -1 0 -1 -1 0 -1 -1 -1 -1 0 0 0 -1 -1 -1 0 -1 0 -1 0 0 -1 -1 0 -1 0 -1 0 -1 -1 0 0 0 0 0 0 -1 0 0 -1 0 0 0 0 0 -1 0 0 0 0 0 0 0
0 0 0 -1 0 0 0 0 0 -1 0 0 0 0 0 -1 0 -1 -1 -1 -1 -1 0 0 0 0 -1 -1 0 0 -1 -1 -1 -1 -1 0 0 -1 0 -1 -1 0 0 0 -1 0 0 0 0 0 -1 0 -1 0 0 -1 0 -1 0 0 -1 -1 0 0 -1 0 -1 -1 0 0 -1 -1 -1 -1 -1 -1 0 -1 0 0 -1 -1 -1 -1 0 -1 0 0 0 -1 0 0 0 0 0 0 0 0 0 0 0 -1 -1 0 0 0 0 0 -1 -1 -1 0 0 0 0 0 0 -1 -1 -1 -1 0 -1 0 0 0 -1 0 -1 0 0 0 0 -1 -1 0 0 0 0 -1 0 0 0 0 0 0 0 -1 0 -1
0 -1 0 0 0 -1 -1 0 -1 0 0 -1 -1 0 -1 -1 -1 0 0 0 -1 -1 -1 0 -1 0 0 -1 0 -1 0 0 -1 -1 -1 0 0 0 0 -1 -1 0 0 0 0 -1 0 0 0 -1 0 -1 -1 0 -1 0 0 0 -1 -1 0 0 0 0 0 0 -1 -1 -1 0 0 -1 -1 0 0 -1 -1 -1 -1 -1 -1 0 0 -1 0 0 -1 -1 0 -1 0 0 -1 -1 0 -1 0 -1 0 -1 0 0 0 0 -1 0 0 0 -1 -1 0 0 0 -1 -1 0 0 0 -1 -1 -1 0 0 0 0 0 0 0 -1 -1 0 -1 -1 0 -1 0 0 -1 0 0 -1 0 0 -1 -1 -1 0 -1 0 0
-1 -1 -1 -1 -1 0 -1 -1 0 0 0 0 0 -1 -1 0 0 -1 0 0 -1 0 0 -1 0 -1 0 0 0 -1 -1 0 0 -1 -1 0 0 0 0 0 0 -1 0 -1 -1 -1 0 0 0 -1 0 -1 0 -1 -1 -1 0 0 -1 0 -1 -1 -1 0 -1 0 0 0 -1 -1 0 -1 0 0 -1 0 0 0 -1 -1 -1 -1 0 0 0 0 -1 0 0 -1 -1 0 -1 0 0 0 0 -1 0 0 0 0 0 -1 -1 0 -1 -1 -1 0 -1 0 -1 0 0 0 0 0 -1 0 0 0 0 0 -1 0 0 0 0 -1 -1 0 0 -1 0 -1 0 0 0 0 0 0 0 -1 0 -1 0 -1 0 -1
-1 0 0 -1 0 -1 -1 0 -1 0 0 0 0 0 -1 -1 0 0 0 -1 0 -1 0 -1 -1 0 -1 0 0 0 -1 0 -1 0 0 -1 -1 0 0 -1 0 0 -1 -1 -1 0 -1 -1 -1 0 -1 0 -1 0 -1 -1 -1 -1 0 0 -1 0 0 -1 -1 -1 -1 0 0 0 0 -1 -1 0 0 0 0 0 -1 -1 0 0 0 -1 0 -1 0 -1 0 0 0 -1 0 -1 0 -1 0 -1 0 0 -1 0 -1 0 -1 -1 0 0 -1 0 0 0 -1 0 0 0 -1 0 -1 0 -1 0 -1 0 0 0 0 0 -1 0 -1 0 0 0 0 -1 -1 -1 0 0 -1 0 0 0 -1 0 0 0 0 0
0 0 0 0 -1 -1 0 -1 -1 -1 0 0 0 0 0 0 -1 0 -1 0 0 -1 -1 0 0 0 -1 -1 -1 0 0 -1 0 -1 0 0 0 0 0 0 0 -1 0 0 -1 0 -1 -1 0 0 0 0 0 0 -1 0 -1 -1 -1 -1 0 0 0 0 0 -1 -1 -1 -1 0 0 0 -1 0 0 -1 -1 0 0 -1 -1 0 0 0 0 0 0 -1 -1 0 0 0 0 -1 0 -1 0 0 -1 -1 0 0 -1 0 -1 -1 0 -1 -1 0 -1 -1 0 -1 0 -1 0 0 -1 0 -1 0 0 -1 0 0 0 0 0 0 -1 -1 0 -1 0 0 0 -1 0 0 -1 -1 0 0 -1 -1 0 -1 -1 -1
-1 0 -1 0 -1 0 0 0 0 0 0 0 -1 0 -1 0 -1 -1 0 -1 -1 0 -1 -1 -1 0 -1 0 -1 -1 0 0 0 0 0 -1 0 -1 -1 -1 -1 -1 -1 -1 -1 0 -1 0 0 0 0 0 -1 0 -1 0 -1 -1 0 -1 -1 0 0 0 -1 0 -1 -1 0 -1 0 0 0 0 0 0 -1 0 0 -1 -1 0 0 0 -1 -1 -1 0 -1 0 0 -1 0 0 0 -1 0 -1 -1 0 -1 0 0 0 -1 0 -1 0 0 0 -1 0 -1 0 -1 0 0 0 -1 0 0 -1 0 0 -1 -1 -1 0 0 -1 -1 0 0 0 -1 0 0 0 -1 0 0 -1 0 -1 -1 0 0 0 0 -1
-1 0 0 -1 -1 -1 0 0 0 -1 -1 -1 -1 0 -1 0 0 0 0 -1 0 0 0 -1 -1 -1 0 -1 0 0 0 0 0 0 -1 0 -1 0 -1 -1 0 -1 0 -1 -1 0 0 -1 0 0 -1 0 0 0 0 -1 0 -1 0 -1 0 0 -1 0 -1 -1 -1 0 0 -1 0 0 -1 -1 0 -1 -1 0 0 0 -1 0 -1 -1 0 0 0 -1 0 -1 0 0 0 -1 -1 -1 0 0 -1 0 0 0 0 0 0 0 0 0 -1 0 0 0 0 -1 0 0 -1 -1 0 0 -1 0 0 -1 0 -1 -1 0 0 0 0 0 -1 -1 0 0 0 0 0 -1 -1 -1 0 0 0 0 -1 -1 0 0
0 0 -1 0 -1 0 -1 -1 -1 0 0 -1 -1 0 0 0 0 0 0 0 -1 -1 -1 -1 -1 0 -1 -1 -1 0 -1 -1 -1 0 0 -1 -1 0 0 -1 -1 0 0 -1 -1 0 -1 0 0 0 0 -1 -1 -1 0 0 -1 0 -1 -1 0 -1 -1 0 0 0 0 0 -1 0 -1 0 -1 0 -1 0 -1 -1 0 -1 0 -1 0 -1 -1 -1 0 0 -1 0 0 0 0 0 0 -1 0 0 0 0 -1 0 0 -1 0 -1 0 0 0 0 0 0 0 -1 -1 -1 0 0 0 0 -1 0 0 -1 0 -1 0 -1 0 -1 0 0 0 0 0 -1 -1 0 0 0 -1 0 0 0 -1 0 0 0 -1 -1
-1 0 -1 0 0 0 0 0 -1 0 0 0 -1 -1 -1 0 0 -1 -1 -1 -1 0 0 -1 0 0 -1 0 0 0 0 -1 0 0 0 0 0 0 0 0 -1 -1 0 0 0 -1 0 0 0 -1 0 0 -1 0 0 0 -1 0 0 -1 0 0 0 0 -1 0 0 0 0 -1 0 -1 0 0 0 -1 0 -1 -1 0 0 -1 0 0 0 0 -1 0 -1 0 0 0 0 -1 0 -1 0 -1 0 -1 -1 -1 0 -1 0 0 0 -1 0 0 0 0 0 0 0 -1 -1 -1 -1 -1 0 0 0 0 0 -1 0 -1 0 0 -1 0 0 0 -1 0 0 -1 0 -1 0 0 0 0 0 -1 -1 0 0 0
-1 -1 -1 -1 0 -1 -1 0 0 -1 0 0 -1 0 0 0 0 0 0 0 0 0 -1 0 0 -1 -1 0 -1 -1 0 0 -1 -1 -1 0 -1 0 0 0 0 0 -1 0 -1 -1 0 0 0 0 0 0 -1 0 0 -1 0 0 0 0 0 0 -1 -1 -1 -1 -1 0 -1 0 -1 0 0 0 0 -1 0 0 0 0 0 0 0 -1 -1 -1 0 -1 0 -1 0 0 0 0 -1 -1 -1 0 -1 0 -1 -1 0 0 0 0 -1 -1 0 0 0 -1 0 0 0 -1 -1 0 0 0 0 0 -1 0 0 -1 0 -1 0 0 0 -1 0 -1 0 -1 0 0 0 0 0 0 0 0 0 0 0 0 0 0
0 0 -1 0 0 -1 0 0 0 0 0 0 -1 -1 -1 0 0 0 -1 -1 0 -1 0 0 -1 0 0 0 0 0 0 0 -1 0 -1 0 0 0 0 0 0 -1 -1 -1 0 0 -1 0 -1 0 -1 0 -1 -1 0 -1 0 0 -1 0 0 0 -1 -1 0 -1 0 -1 0 -1 -1 -1 0 0 0 0 -1 -1 -1 -1 -1 -1 0 -1 0 -1 0 0 -1 -1 0 0 0 0 0 0 0 -1 -1 -1 -1 0 0 0 -1 0 0 -1 -1 -1 0 -1 0 0 -1 0 0 0 0 0 -1 -1 0 -1 0 -1 -1 0 0 0 0 0 -1 0 0 -1 0 -1 0 -1 0 0 -1 0 0 0 0 -1 0 0
0 -1 0 -1 0 0 -1 0 0 -1 0 0 -1 -1 -1 -1 -1 -1 -1 -1 0 0 0 -1 -1 0 -1 0 0 0 0 0 -1 0 -1 0 0 0 0 -1 0 0 0 0 0 -1 0 -1 -1 0 0 0 0 0 0 0 -1 0 0 -1 0 -1 0 0 -1 0 0 0 -1 -1 -1 -1 -1 0 0 -1 0 0 0 0 0 -1 -1 -1 -1 0 0 0 0 0 0 -1 0 -1 0 -1 0 0 -1 -1 -1 -1 0 0 -1 -1 0 -1 -1 -1 0 -1 -1 0 -1 -1 -1 0 -1 -1 -1 0 -1 0 0 -1 -1 -1 0 0 -1 0 -1 0 -1 0 -1 0 0 -1 -1 0 -1 -1 0 0 0 0 -1 -1
0 -1 -1 0 0 0 0 0 -1 -1 0 0 -1 0 -1 -1 0 0 0 0 0 -1 0 -1 -1 0 -1 -1 -1 0 -1 0 -1 -1 0 0 -1 -1 0 0 0 -1 0 0 0 -1 0 0 -1 -1 0 0 0 -1 0 0 -1 0 0 0 0 0 -1 0 0 0 -1 0 -1 0 0 -1 -1 -1 0 0 0 0 -1 -1 0 0 -1 -1 0 0 -1 -1 -1 -1 0 0 -1 0 0 0 0 -1 0 0 0 0 -1 0 -1 -1 0 -1 0 0 -1 0 0 0 -1 0 0 0 0 -1 -1 0 -1 -1 0 -1 0 0 -1 0 0 -1 0 0 -1 0 0 -1 -1 -1 0 -1 0 -1 0 0 0 -1 0 0
0 0 0 0 -1 0 0 -1 -1 0 -1 0 -1 0 0 0 -1 -1 -1 0 0 0 -1 0 0 0 0 -1 0 0 -1 -1 -1 0 -1 0 -1 -1 -1 0 0 0 -1 -1 -1 0 0 -1 0 0 0 0 -1 0 -1 0 0 -1 -1 -1 -1 0 0 0 0 0 0 0 0 0 0 0 -1 0 -1 -1 0 0 0 -1 -1 0 -1 0 0 -1 -1 -1 -1 -1 0 0 0 -1 0 0 -1 -1 0 0 -1 -1 0 -1 0 -1 0 0 -1 0 -1 -1 0 0 0 -1 0 -1 -1 -1 -1 0 0 -1 0 -1 -1 0 -1 0 0 0 0 0 0 -1 -1 -1 -1 -1 -1 0 0 -1 -1 -1 0 0 0 0
-1 0 0 0 -1 0 0 0 0 -1 0 0 0 0 -1 -1 0 -1 0 -1 0 0 0 0 -1 0 0 0 0 0 -1 0 -1 -1 -1 -1 0 0 -1 0 -1 0 -1 -1 0 0 0 -1 -1 -1 0 0 0 0 -1 0 -1 0 0 0 0 0 -1 -1 0 0 0 0 -1 0 0 -1 -1 -1 0 -1 -1 0 0 -1 0 0 -1 0 0 0 0 0 -1 -1 0 -1 -1 -1 0 -1 0 0 -1 0 -1 0 0 -1 0 0 -1 -1 0 -1 0 0 0 -1 0 -1 -1 0 0 0 0 -1 0 0 -1 -1 0 -1 0 0 -1 0 0 -1 -1 -1 0 0 0 -1 0 0 0 0 -1 0 0 0 -1 0
0 0 0 -1 0 0 0 0 0 -1 0 0 0 -1 0 0 0 -1 -1 0 -1 0 -1 -1 0 -1 -1 0 -1 -1 0 -1 0 0 0 -1 0 -1 -1 0 0 0 0 0 0 0 -1 0 0 0 -1 0 0 -1 -1 0 0 0 -1 0 -1 0 0 0 0 0 0 0 -1 0 0 -1 0 0 0 0 -1 0 -1 -1 0 0 -1 0 0 0 0 -1 0 0 -1 -1 0 -1 0 0 0 0 0 0 -1 -1 0 -1 -1 -1 -1 0 0 0 0 0 0 -1 -1 -1 0 0 0 0 0 -1 0 0 0 -1 -1 0 -1 -1 0 0 -1 0 0 0 -1 -1 0 0 -1 0 0 0 0 -1 0 -1 0 -1
0 0 0 -1 0 0 -1 0 0 0 0 -1 -1 0 -1 -1 0 0 -1 0 0 -1 0 -1 0 0 0 0 0 -1 0 -1 0 0 -1 -1 -1 0 0 0 0 0 -1 0 0 0 0 -1 0 0 0 -1 0 -1 -1 0 0 0 0 0 0 0 0 0 0 0 -1 -1 -1 0 0 0 0 -1 -1 -1 0 0 0 0 -1 0 0 0 0 0 -1 0 -1 0 0 0 0 0 -1 0 0 0 0 0 0 0 0 0 0 -1 0 -1 0 0 -1 0 -1 0 -1 0 -1 0 -1 0 -1 -1 0 -1 -1 0 -1 -1 -1 0 0 0 0 -1 0 -1 -1 -1 -1 0 -1 0 0 -1 -1 0 0 -1 -1 -1
0 0 -1 -1 0 -1 0 0 -1 -1 0 -1 -1 -1 -1 0 -1 -1 0 0 -1 0 -1 0 -1 -1 0 0 0 0 -1 -1 -1 0 -1 0 0 -1 -1 0 0 0 0 -1 -1 0 -1 0 -1 -1 -1 0 0 -1 0 -1 0 0 -1 0 0 0 0 0 0 -1 -1 0 -1 -1 0 -1 -1 0 0 -1 0 0 -1 -1 0 0 -1 -1 0 0 0 -1 -1 0 -1 -1 0 0 -1 -1 0 0 -1 -1 0 -1 0 0 -1 0 0 0 0 0 -1 0 -1 0 0 -1 0 -1 -1 -1 0 0 -1 -1 -1 0 -1 -1 -1 0 0 0 0 0 0 0 -1 0 0 0 0 0 0 0 0 0 0 0 0 0
-1 -1 -1 0 0 0 0 0 -1 0 -1 -1 0 0 0 0 0 0 -1 0 0 -1 0 -1 0 0 0 -1 0 0 -1 0 -1 -1 -1 0 0 -1 -1 0 0 0 -1 0 -1 0 -1 -1 -1 0 0 0 0 -1 -1 -1 -1 -1 0 0 0 0 0 -1 0 0 -1 -1 -1 0 0 0 0 -1 0 -1 0 -1 0 0 0 0 0 -1 -1 0 0 -1 0 -1 -1 0 0 0 -1 0 0 -1 -1 0 -1 0 -1 0 0 0 -1 0 -1 0 0 -1 -1 -1 -1 -1 0 -1 0 -1 -1 -1 0 0 -1 0 0 -1 0 0 -1 0 0 0 0 0 0 0 -1 0 -1 -1 -1 0 0 0 0 -1 0 -1
-1 -1 -1 0 -1 0 -1 0 -1 -1 0 0 0 0 0 0 -1 -1 -1 0 -1 0 -1 0 0 0 0 0 -1 -1 0 0 -1 0 -1 -1 0 -1 -1 -1 -1 -1 -1 0 0 0 0 0 0 -1 -1 0 -1 0 0 0 0 -1 -1 -1 0 0 0 0 -1 0 0 0 -1 0 0 0 -1 -1 0 -1 0 -1 0 0 0 -1 0 0 0 0 0 -1 -1 0 0 0 -1 0 0 0 -1 -1 -1 0 0 0 0 -1 0 -1 -1 -1 -1 -1 -1 0 0 0 0 0 0 -1 0 -1 -1 0 -1 -1 -1 -1 0 0 -1 0 0 0 0 0 -1 0 0 -1 -1 0 0 -1 -1 0 0 0 -1 0 0 -1
0 -1 -1 0 0 -1 0 0 -1 -1 0 0 -1 -1 -1 0 -1 0 0 -1 0 0 -1 0 0 -1 0 0 0 0 0 0 0 0 0 0 0 0 -1 0 -1 0 -1 -1 0 -1 0 0 -1 0 -1 0 0 -1 0 -1 -1 -1 0 -1 -1 0 -1 0 -1 -1 0 0 -1 -1 -1 0 0 0 0 0 -1 -1 -1 0 0 0 0 -1 0 0 -1 -1 -1 0 0 -1 0 0 -1 0 -1 0 -1 0 0 -1 0 -1 -1 -1 -1 -1 0 -1 0 -1 0 0 0 0 0 -1 0 0 0 -1 -1 0 0 0 -1 0 -1 0 0 0 -1 -1 -1 -1 0 -1 0 -1 -1 -1 -1 -1 0 -1 -1 0 -1 0
0 -1 -1 -1 0 0 0 -1 0 0 -1 0 -1 0 0 0 0 0 0 0 -1 -1 0 0 -1 -1 -1 -1 -1 0 -1 0 0 -1 0 0 0 -1 -1 -1 0 0 0 -1 0 -1 0 0 -1 0 -1 0 -1 -1 -1 -1 0 0 0 0 0 -1 -1 -1 -1 0 0 0 -1 0 0 -1 0 0 0 0 -1 0 0 0 -1 -1 -1 -1 -1 -1 -1 0 0 -1 -1 -1 -1 -1 0 0 -1 0 0 0 -1 0 -1 0 0 0 -1 -1 0 -1 -1 0 0 0 -1 0 0 0 -1 0 0 0 0 -1 0 -1 0 -1 -1 -1 0 0 0 0 0 0 0 0 -1 -1 0 0 -1 0 0 -1 0 0 -1 0
0 -1 0 0 0 -1 -1 0 0 0 0 0 0 0 0 0 -1 -1 -1 -1 0 0 0 -1 0 0 0 -1 -1 0 0 0 0 0 0 0 0 -1 0 -1 0 0 0 -1 0 0 0 -1 -1 -1 0 0 0 0 0 0 0 0 -1 -1 -1 0 0 -1 0 0 -1 0 0 0 0 -1 0 0 0 0 0 -1 0 0 0 0 0 -1 0 0 0 -1 0 -1 0 -1 0 0 -1 0 0 0 0 -1 -1 0 0 -1 0 0 0 0 -1 0 0 -1 0 0 0 0 0 -1 -1 0 0 -1 0 0 -1 -1 0 0 0 -1 -1 -1 0 0 0 0 0 0 0 -1 -1 0 -1 0 -1 0 0 -1 -1 0
0 -1 -1 0 -1 0 0 -1 -1 0 -1 -1 -1 0 0 0 -1 0 -1 0 0 0 -1 0 0 0 0 -1 0 -1 -1 -1 -1 0 -1 0 -1 -1 0 0 -1 -1 -1 -1 0 -1 0 -1 0 0 0 -1 -1 0 0 0 0 0 -1 0 0 0 0 -1 -1 0 0 0 0 -1 0 0 0 -1 -1 -1 0 -1 -1 0 -1 -1 0 -1 0 -1 -1 0 -1 -1 -1 -1 0 -1 0 0 0 0 -1 0 0 0 -1 0 0 0 0 -1 -1 0 -1 0 -1 0 0 -1 0 0 -1 0 0 -1 -1 0 0 0 -1 0 -1 -1 0 -1 -1 0 0 0 0 -1 0 -1 -1 -1 0 -1 0 -1 -1 0 0 -1
-1 0 0 -1 0 0 -1 0 -1 -1 0 0 0 0 0 0 -1 -1 0 -1 0 0 0 -1 0 -1 -1 0 0 -1 0 0 0 -1 0 0 0 0 -1 0 0 -1 0 -1 0 0 -1 0 0 0 0 -1 -1 0 0 0 0 0 -1 0 0 0 -1 0 -1 -1 0 0 0 -1 -1 0 -1 -1 -1 0 0 -1 0 0 -1 0 0 0 0 0 0 0 0 0 0 0 0 0 0 -1 0 0 -1 -1 -1 -1 0 0 -1 0 -1 -1 0 0 0 0 -1 -1 0 0 -1 0 0 -1 0 -1 0 0 -1 -1 0 -1 -1 -1 0 0 0 0 0 -1 -1 -1 0 0 0 0 0 -1 -1 -1 0 -1 -1 0
0 -1 -1 -1 -1 -1 -1 -1 -1 0 0 0 0 0 0 0 -1 0 0 0 -1 -1 0 0 0 0 0 -1 0 -1 0 0 0 -1 0 -1 -1 0 -1 -1 -1 -1 0 0 -1 0 0 0 -1 -1 0 -1 0 0 -1 -1 0 0 0 -1 -1 0 -1 -1 0 -1 0 -1 -1 0 -1 -1 -1 0 0 0 0 -1 0 0 0 -1 -1 0 -1 0 -1 -1 0 0 0 -1 0 0 0 0 0 0 -1 -1 0 -1 -1 0 -1 0 0 0 -1 0 0 0 0 -1 -1 -1 0 -1 0 -1 0 0 0 0 -1 -1 0 0 -1 0 0 -1 0 0 0 0 0 0 -1 -1 0 -1 0 -1 -1 0 -1 0 -1 -1
-1 0 -1 0 0 0 -1 -1 0 0 0 0 0 0 0 -1 -1 -1 -1 -1 0 0 0 -1 -1 0 0 -1 0 0 0 0 0 0 0 0 -1 0 0 0 -1 0 0 0 0 0 0 -1 0 0 0 0 -1 0 0 -1 -1 -1 0 0 -1 0 0 0 0 0 0 -1 -1 -1 0 0 -1 0 0 0 -1 0 0 -1 -1 0 -1 -1 0 0 0 -1 0 0 0 -1 0 -1 0 0 0 0 -1 0 -1 -1 0 -1 -1 -1 0 0 0 0 -1 -1 -1 0 0 0 -1 0 -1 0 0 0 -1 -1 -1 0 -1 0 0 -1 0 0 0 -1 0 0 0 0 0 -1 0 -1 0 -1 0 0 0 0 0 0
-1 0 -1 -1 -1 -1 -1 0 0 0 0 0 -1 -1 -1 0 -1 0 -1 0 0 0 0 -1 0 0 -1 0 0 -1 0 0 -1 0 -1 0 0 0 0 0 -1 0 0 0 -1 0 0 0 -1 0 -1 0 0 -1 0 0 -1 0 0 -1 0 -1 0 0 -1 -1 -1 0 0 -1 0 -1 0 0 -1 0 0 -1 0 0 -1 -1 -1 0 0 -1 -1 0 -1 -1 0 0 0 0 0 0 -1 0 0 0 -1 0 -1 -1 0 -1 -1 0 0 -1 0 0 -1 -1 -1 -1 -1 -1 -1 0 0 0 0 0 0 -1 0 -1 0 0 0 0 -1 0 -1 0 -1 -1 0 0 0 0 0 0 0 0 0 0 -1 -1
0 -1 0 0 0 0 0 0 0 0 -1 0 0 0 0 -1 0 0 -1 -1 -1 -1 0 0 0 0 -1 0 0 0 0 -1 0 -1 0 -1 -1 0 -1 0 -1 -1 -1 -1 0 0 0 0 -1 0 0 0 -1 -1 0 -1 0 0 0 -1 0 -1 0 -1 -1 0 0 0 0 -1 0 -1 -1 -1 0 -1 -1 -1 0 0 -1 0 0 0 0 -1 0 0 -1 -1 0 0 0 0 -1 0 0 -1 -1 0 0 -1 -1 0 0 0 0 0 -1 0 0 -1 0 0 -1 0 -1 0 0 0 -1 0 0 -1 0 -1 0 0 -1 0 0 0 0 0 0 0 0 0 -1 -1 0 -1 -1 0 0 0 0 0 -1 -1
0 0 -1 0 -1 -1 -1 0 0 -1 0 -1 -1 -1 -1 0 -1 0 0 -1 -1 -1 -1 0 0 -1 0 -1 0 0 -1 0 -1 0 0 -1 0 0 -1 0 -1 -1 -1 0 0 0 -1 0 0 0 -1 0 0 0 0 0 -1 -1 0 0 -1 -1 0 0 0 -1 0 0 0 0 0 0 0 -1 -1 0 0 0 -1 0 -1 0 -1 0 0 -1 0 0 0 -1 -1 0 0 0 0 -1 -1 0 0 0 0 0 0 0 0 0 0 0 0 -1 0 0 -1 -1 0 -1 -1 -1 0 0 -1 -1 0 0 -1 0 0 -1 -1 0 0 -1 0 -1 0 0 -1 -1 -1 -1 -1 0 -1 -1 0 -1 0 -1 -1 -1
0 -1 0 0 -1 0 -1 0 -1 -1 0 0 0 -1 -1 -1 -1 -1 0 0 -1 -1 0 0 -1 -1 -1 0 0 -1 0 0 -1 -1 0 0 0 0 -1 0 -1 0 -1 -1 0 0 0 0 0 0 -1 0 0 0 0 -1 0 -1 -1 -1 -1 -1 -1 -1 -1 -1 0 0 0 -1 -1 -1 0 -1 -1 0 -1 0 0 0 0 0 0 0 -1 0 0 -1 -1 -1 0 0 -1 -1 0 0 -1 0 0 0 -1 0 -1 0 0 -1 -1 -1 -1 0 0 -1 0 0 0 0 0 0 -1 -1 0 -1 0 0 -1 -1 0 -1 -1 -1 0 0 0 -1 0 0 0 -1 -1 -1 0 0 -1 0 0 0 0 0 0 0
-1 0 0 0 0 0 -1 -1 0 0 -1 0 0 0 0 0 0 0 -1 -1 0 0 -1 -1 -1 -1 -1 0 -1 0 0 0 -1 -1 0 -1 0 0 -1 0 0 -1 -1 0 0 0 0 -1 0 0 0 0 0 0 -1 0 0 0 0 -1 0 -1 -1 -1 -1 0 0 0 -1 -1 -1 -1 -1 0 -1 -1 0 -1 -1 -1 0 0 -1 -1 -1 0 -1 0 0 0 -1 -1 -1 0 -1 -1 -1 0 0 -1 -1 0 -1 -1 0 0 0 -1 0 0 0 0 0 -1 0 0 0 -1 -1 0 0 -1 -1 0 -1 0 -1 0 -1 0 0 0 0 0 0 0 -1 0 0 0 -1 0 -1 -1 -1 -1 0 0 0 -1
-1 -1 0 -1 0 0 0 -1 0 0 0 -1 0 -1 -1 0 -1 0 -1 0 0 0 0 0 -1 -1 -1 0 -1 0 0 -1 0 0 0 0 -1 0 -1 0 0 -1 -1 -1 0 0 -1 -1 0 0 0 0 0 -1 -1 -1 0 -1 0 -1 0 0 0 -1 -1 0 0 0 0 0 0 0 0 -1 -1 0 -1 0 0 -1 0 0 0 0 0 -1 0 -1 -1 0 0 -1 0 0 0 -1 -1 0 -1 0 -1 -1 -1 -1 -1 -1 0 0 0 0 -1 0 -1 -1 -1 0 0 0 0 -1 -1 -1 0 0 0 0 -1 0 0 -1 -1 0 -1 0 -1 0 0 0 0 0 0 -1 -1 0 -1 -1 -1 -1 0 0
-1 -1 0 -1 -1 -1 0 0 0 -1 0 0 -1 -1 -1 0 0 0 0 0 0 0 -1 0 -1 0 -1 -1 0 0 -1 0 0 0 -1 -1 -1 -1 0 0 0 0 -1 -1 -1 0 0 -1 0 0 0 -1 0 -1 -1 0 -1 0 0 0 0 0 0 0 0 -1 -1 0 0 0 -1 -1 0 0 0 0 -1 -1 0 0 -1 0 0 0 0 0 0 0 0 -1 0 0 0 0 0 0 0 -1 0 0 0 -1 -1 0 0 0 -1 -1 -1 0 0 -1 -1 0 -1 -1 0 0 -1 -1 0 0 0 0 -1 -1 0 -1 -1 0 0 0 -1 0 -1 0 0 0 0 -1 0 0 0 0 0 0 0 0 0 0
0 0 0 -1 0 -1 -1 -1 -1 0 -1 0 -1 -1 -1 0 0 -1 -1 0 -1 0 -1 0 -1 0 0 -1 0 0 0 0 0 0 0 0 0 0 -1 -1 0 0 0 0 0 -1 0 0 0 -1 0 0 0 0 -1 0 0 0 -1 0 0 -1 0 0 0 -1 0 0 0 0 0 0 0 -1 0 0 -1 0 -1 -1 0 0 0 0 0 0 0 0 0 -1 0 -1 0 0 -1 0 -1 0 0 0 0 0 -1 0 0 0 0 -1 0 -1 0 -1 0 0 0 -1 -1 0 0 -1 0 -1 -1 0 0 0 -1 0 0 -1 -1 -1 -1 -1 0 -1 -1 0 0 -1 -1 0 0 0 0 -1 0 -1 0 0
0 0 0 0 0 0 0 0 0 0 0 0 0 0 -1 0 0 -1 0 0 0 0 -1 0 0 0 0 0 -1 0 0 0 0 0 0 0 -1 -1 0 -1 -1 0 -1 -1 -1 0 -1 -1 0 0 0 0 0 0 0 -1 0 0 0 0 0 0 -1 0 0 -1 0 0 -1 -1 0 -1 0 0 -1 0 0 -1 0 0 0 0 0 0 -1 0 -1 -1 -1 0 -1 -1 -1 0 0 -1 -1 -1 -1 -1 0 0 0 -1 0 0 0 -1 0 -1 0 -1 0 0 0 0 0 -1 0 -1 -1 0 0 0 0 -1 0 -1 -1 0 0 -1 -1 -1 -1 0 0 0 -1 0 0 0 0 0 0 -1 -1 0 -1 -1
0 -1 0 -1 0 -1 0 -1 0 0 0 -1 -1 0 0 0 0 0 -1 -1 0 0 -1 0 0 -1 0 0 0 -1 0 0 0 0 -1 0 0 0 0 0 -1 0 0 0 0 -1 -1 -1 0 -1 0 0 -1 -1 -1 0 0 0 -1 -1 0 0 -1 -1 -1 0 0 0 -1 -1 0 0 -1 0 0 -1 0 0 0 0 0 0 0 0 0 0 -1 0 -1 0 0 -1 -1 0 0 -1 0 0 0 0 -1 -1 -1 -1 -1 -1 -1 -1 0 0 0 0 -1 0 0 -1 -1 0 0 0 0 -1 -1 0 -1 0 0 0 0 0 0 -1 -1 0 -1 0 0 0 0 0 0 0 0 0 0 0 -1 0 -1 -1
0 0 0 0 0 -1 0 -1 -1 0 0 0 0 -1 -1 0 0 -1 0 0 0 0 -1 0 0 0 0 0 0 0 0 0 0 0 0 0 0 0 0 0 -1 0 0 -1 0 0 0 -1 -1 -1 -1 -1 0 -1 0 0 0 0 0 0 0 0 -1 0 0 0 0 0 0 0 0 0 0 0 0 0 0 -1 -1 -1 0 -1 0 -1 -1 -1 -1 0 0 0 0 -1 0 -1 0 -1 -1 -1 -1 -1 -1 0 -1 0 0 0 -1 0 0 -1 -1 -1 0 -1 0 -1 0 -1 0 -1 -1 -1 0 0 0 -1 -1 -1 -1 -1 0 0 -1 0 0 0 -1 -1 0 -1 0 0 0 -1 -1 0 0 -1 0 -1
0 -1 0 -1 0 0 0 0 -1 -1 -1 -1 -1 -1 0 0 0 -1 -1 -1 0 0 0 0 0 -1 -1 -1 -1 0 0 -1 -1 -1 -1 -1 -1 0 -1 -1 0 -1 0 -1 -1 -1 0 0 0 0 -1 -1 0 0 0 0 -1 -1 0 -1 0 0 0 0 -1 0 0 -1 0 0 -1 -1 -1 0 0 0 0 -1 -1 0 -1 0 0 0 -1 0 -1 0 0 -1 -1 -1 -1 -1 -1 0 0 0 -1 0 0 0 -1 0 -1 0 -1 -1 0 -1 0 0 -1 0 0 -1 -1 -1 0 0 0 0 -1 0 -1 -1 0 -1 0 0 0 -1 -1 -1 0 0 -1 0 -1 0 -1 0 0 0 -1 -1 0 -1 0 -1
0 0 -1 0 -1 -1 0 0 -1 -1 -1 0 -1 0 0 -1 -1 0 -1 -1 -1 0 0 -1 -1 0 0 0 -1 0 0 -1 0 -1 -1 0 -1 0 0 0 0 -1 0 -1 -1 0 -1 -1 -1 -1 0 -1 0 0 -1 -1 0 0 -1 -1 0 -1 -1 -1 -1 0 0 0 0 0 -1 -1 -1 0 0 0 -1 0 0 0 -1 -1 0 -1 -1 0 0 -1 -1 -1 0 0 0 0 -1 -1 0 0 -1 0 -1 0 0 -1 0 0 -1 0 0 0 0 -1 -1 -1 0 0 -1 0 0 -1 0 -1 0 0 0 0 -1 0 0 -1 0 0 -1 0 0 -1 -1 0 0 0 0 -1 -1 0 0 -1 0 0 -1 -1
0 0 -1 -1 0 0 0 -1 0 0 0 0 0 -1 -1 0 0 0 0 0 -1 0 0 0 -1 -1 -1 0 0 0 -1 -1 0 -1 0 -1 0 -1 -1 -1 -1 0 0 -1 0 0 0 0 0 -1 -1 -1 0 -1 0 -1 0 0 -1 0 0 -1 0 -1 0 -1 0 0 0 0 -1 0 0 -1 0 -1 0 -1 0 0 0 -1 -1 0 0 0 0 -1 0 -1 0 0 0 0 0 -1 -1 0 0 0 0 -1 0 -1 -1 0 -1 -1 0 0 -1 0 0 -1 -1 0 0 0 0 -1 0 0 0 0 -1 0 0 0 0 -1 0 0 -1 0 0 0 0 0 0 -1 0 -1 0 0 -1 -1 0 -1 0 -1
0 -1 -1 -1 -1 0 0 -1 -1 -1 -1 -1 0 0 -1 0 0 0 -1 0 0 -1 0 0 -1 0 -1 -1 0 0 -1 -1 0 0 0 0 0 0 0 -1 -1 -1 0 -1 -1 -1 0 0 -1 -1 0 -1 0 -1 0 0 0 0 -1 -1 0 -1 0 -1 0 0 0 0 0 0 -1 0 0 0 -1 -1 -1 -1 -1 0 0 0 -1 0 0 0 0 0 -1 0 0 -1 0 -1 0 -1 0 0 0 -1 0 0 -1 0 0 0 -1 -1 0 0 0 -1 0 -1 0 0 -1 0 -1 0 -1 0 -1 0 0 0 0 0 0 -1 -1 0 0 0 -1 -1 0 0 0 -1 -1 -1 -1 0 0 0 0 0 0 -1
0 -1 0 -1 -1 0 -1 -1 0 0 0 0 -1 -1 -1 -1 -1 -1 -1 0 0 0 0 0 -1 -1 0 -1 0 -1 0 0 -1 0 -1 0 0 -1 0 -1 -1 0 0 0 -1 0 0 -1 -1 0 0 0 0 0 0 0 0 0 0 0 0 0 0 -1 -1 0 0 -1 0 0 -1 0 -1 -1 -1 -1 0 -1 0 0 0 0 0 0 -1 0 -1 0 0 0 0 0 0 0 0 0 0 -1 0 0 0 -1 0 0 0 -1 0 -1 0 0 0 0 -1 0 -1 -1 0 0 0 -1 -1 -1 0 -1 0 -1 -1 -1 0 0 0 0 -1 -1 -1 0 0 0 0 0 0 0 0 0 -1 0 0 0 0 0
0 0 -1 0 -1 0 -1 0 -1 0 0 -1 -1 0 -1 0 -1 0 0 -1 0 -1 0 0 0 0 0 0 0 -1 0 0 0 -1 -1 0 -1 -1 -1 -1 0 0 -1 -1 -1 0 0 0 0 0 -1 -1 -1 0 0 0 -1 -1 0 0 0 0 -1 0 -1 0 0 0 -1 -1 0 0 0 0 -1 -1 -1 -1 -1 0 -1 0 -1 0 0 -1 -1 0 0 0 0 0 0 0 -1 -1 0 0 -1 0 0 -1 -1 0 0 0 -1 0 0 -1 -1 -1 0 -1 0 0 -1 -1 -1 0 0 0 0 -1 0 -1 0 0 0 0 -1 0 0 -1 -1 0 -1 0 0 0 0 -1 0 0 -1 -1 0 0 0 -1
0 0 -1 0 0 0 -1 -1 0 -1 -1 0 -1 0 0 0 -1 -1 0 0 -1 0 0 0 0 0 0 0 0 0 0 0 -1 0 -1 0 0 0 0 -1 0 0 0 -1 0 -1 0 -1 0 0 -1 0 0 -1 0 0 0 -1 0 -1 0 0 0 0 0 -1 0 -1 0 0 0 0 0 0 -1 0 0 0 -1 -1 0 -1 -1 0 -1 0 0 0 0 0 0 0 0 0 -1 -1 -1 -1 -1 0 -1 0 -1 0 0 0 0 0 0 0 -1 0 0 -1 0 0 0 0 -1 0 -1 0 -1 0 -1 0 0 0 0 -1 -1 -1 0 -1 -1 0 0 0 0 0 0 0 -1 0 0 -1 0 0 -1 0
0 0 0 -1 0 -1 -1 -1 -1 0 0 -1 -1 0 0 -1 -1 0 -1 0 0 0 -1 -1 0 0 0 0 -1 -1 -1 0 0 0 -1 -1 0 -1 -1 -1 0 0 0 -1 0 0 -1 -1 -1 -1 0 0 0 0 0 -1 0 -1 0 0 0 -1 0 0 -1 0 0 0 0 -1 -1 -1 -1 0 -1 0 -1 0 -1 0 -1 0 0 0 0 0 0 -1 -1 0 0 -1 -1 0 0 -1 0 0 -1 0 -1 0 -1 0 -1 0 -1 0 0 0 0 -1 0 0 0 0 0 -1 0 0 -1 0 0 -1 0 -1 -1 0 0 0 0 -1 0 -1 0 0 -1 -1 0 0 0 0 -1 0 -1 0 0 -1 -1 0
0 0 -1 -1 -1 -1 -1 -1 0 0 0 0 0 -1 -1 0 0 0 -1 -1 -1 -1 0 0 0 -1 0 0 -1 0 0 -1 -1 0 -1 0 0 -1 -1 0 0 0 0 -1 -1 0 0 -1 -1 0 0 -1 0 0 0 0 0 -1 -1 -1 -1 0 -1 0 -1 -1 0 0 0 0 -1 0 -1 0 0 -1 0 0 0 -1 0 0 -1 0 -1 -1 0 -1 0 -1 0 0 0 -1 -1 0 0 0 -1 -1 -1 -1 -1 -1 0 0 -1 0 -1 -1 0 -1 -1 0 0 -1 0 0 0 -1 0 -1 -1 0 -1 0 -1 0 0 -1 -1 0 0 0 0 -1 0 0 -1 -1 0 0 0 -1 0 0 -1 0 0 -1
-1 -1 -1 0 0 -1 0 -1 -1 0 0 -1 0 0 -1 -1 0 0 0 -1 -1 0 -1 -1 0 -1 0 0 0 -1 -1 0 -1 -1 0 -1 0 -1 -1 -1 0 -1 -1 0 0 0 -1 -1 0 -1 0 -1 -1 0 0 -1 0 0 0 0 0 0 0 -1 -1 0 0 -1 0 0 0 0 0 0 -1 -1 0 0 -1 0 0 -1 -1 0 0 0 -1 -1 0 0 0 0 0 -1 0 0 0 -1 0 0 -1 0 0 -1 -1 -1 0 0 0 -1 0 -1 -1 0 0 0 0 0 0 0 0 -1 0 -1 -1 0 0 0 0 0 0 -1 -1 0 0 -1 0 -1 -1 0 0 -1 0 0 -1 0 -1 -1 0 0
0 -1 0 0 0 0 -1 0 0 0 0 0 -1 -1 0 0 -1 0 0 0 0 0 0 0 -1 0 -1 0 -1 -1 0 0 0 0 -1 0 -1 0 0 -1 0 0 0 0 -1 0 0 0 0 -1 -1 -1 0 0 0 0 0 -1 0 -1 -1 0 -1 0 0 -1 -1 0 -1 -1 0 0 -1 -1 -1 0 -1 0 0 0 -1 0 -1 0 0 0 -1 0 0 -1 0 -1 -1 -1 -1 -1 -1 0 0 0 -1 0 -1 0 0 0 0 0 0 -1 0 0 0 -1 0 -1 -1 0 0 -1 -1 -1 0 0 0 -1 -1 -1 0 0 0 0 0 0 0 -1 -1 0 0 0 0 -1 0 0 -1 -1 0 -1 0 0
0 0 0 0 0 -1 0 0 0 0 0 0 -1 -1 0 0 0 -1 -1 0 -1 0 0 0 0 0 -1 0 0 0 -1 -1 0 -1 0 0 -1 -1 -1 -1 -1 0 0 0 0 0 -1 0 0 0 0 0 0 -1 -1 -1 0 0 0 0 0 -1 0 0 -1 -1 0 0 0 -1 0 0 0 0 0 0 -1 0 0 -1 0 0 0 0 0 0 0 0 0 0 0 -1 0 -1 -1 0 -1 -1 -1 0 0 0 -1 0 0 -1 0 -1 -1 -1 0 -1 0 0 0 0 -1 0 0 -1 0 0 0 -1 0 -1 0 0 -1 -1 0 0 0 0 0 -1 0 -1 0 0 -1 0 0 -1 0 0 -1 0 0 0
0 0 0 0 0 -1 0 0 0 -1 0 -1 -1 0 -1 0 0 0 -1 -1 0 0 -1 -1 0 0 0 -1 -1 -1 -1 -1 0 0 0 -1 0 0 0 -1 -1 0 0 0 0 -1 0 -1 0 -1 0 0 0 0 0 0 -1 -1 -1 0 -1 0 0 0 0 0 0 0 -1 -1 0 -1 0 -1 0 -1 0 -1 0 -1 0 0 0 -1 -1 0 0 -1 0 0 0 -1 -1 -1 0 0 0 0 0 0 -1 -1 0 0 0 -1 -1 0 0 -1 0 -1 -1 0 -1 0 0 0 0 -1 0 0 0 0 0 0 0 -1 0 0 0 -1 0 0 -1 0 0 -1 0 -1 -1 -1 -1 0 0 0 0 -1 0 -1
0 0 -1 0 -1 -1 0 -1 -1 0 0 0 0 -1 0 0 0 -1 -1 0 0 0 0 -1 -1 -1 0 0 0 0 0 0 0 -1 0 0 -1 -1 0 -1 0 0 0 0 -1 -1 -1 -1 0 0 -1 0 -1 0 -1 -1 -1 0 -1 0 -1 0 -1 0 0 -1 -1 -1 -1 0 0 0 0 -1 -1 0 0 -1 0 0 0 0 -1 0 0 0 0 0 -1 -1 0 0 -1 0 -1 -1 0 0 -1 0 0 0 -1 -1 -1 0 0 0 -1 0 0 -1 0 -1 -1 0 0 0 0 -1 -1 -1 0 0 0 0 0 0 0 0 0 -1 -1 0 -1 -1 0 0 -1 0 0 -1 -1 0 -1 0 0 -1 -1 0
0 -1 -1 -1 -1 -1 0 0 0 0 0 -1 0 -1 0 -1 0 0 -1 0 0 -1 -1 0 -1 0 -1 0 0 -1 0 -1 -1 -1 0 -1 0 0 0 0 0 0 0 0 -1 -1 0 0 -1 0 0 0 0 0 -1 0 -1 0 0 -1 0 -1 -1 -1 -1 -1 0 0 0 0 0 0 0 0 -1 0 0 0 0 0 0 -1 0 0 -1 0 -1 -1 -1 -1 -1 0 -1 0 0 -1 -1 0 -1 0 -1 -1 0 0 -1 -1 0 0 -1 0 -1 0 0 -1 -1 0 0 0 -1 0 0 0 -1 -1 0 0 0 -1 0 0 0 -1 0 0 0 -1 0 -1 0 -1 0 0 -1 -1 0 0 -1 0 0 0
0 -1 0 -1 -1 0 -1 0 0 0 0 -1 0 0 0 0 -1 0 0 -1 -1 -1 0 -1 0 -1 0 -1 -1 0 0 0 0 0 0 0 -1 -1 -1 0 0 0 -1 0 0 0 0 -1 0 0 0 -1 -1 -1 -1 -1 0 0 -1 -1 0 0 0 -1 0 0 0 -1 -1 0 -1 0 0 0 -1 0 -1 0 -1 0 0 0 0 0 0 0 -1 0 0 -1 -1 -1 -1 -1 -1 0 0 -1 -1 -1 0 -1 -1 0 0 -1 0 0 0 0 0 -1 0 -1 -1 0 0 0 0 -1 0 0 0 -1 0 0 -1 -1 0 -1 0 0 -1 0 0 0 0 0 0 0 0 0 0 -1 0 -1 -1 -1 0 0
0 0 0 0 -1 -1 -1 -1 -1 0 -1 -1 -1 0 0 0 0 -1 0 -1 0 -1 -1 0 0 0 0 -1 -1 0 0 0 -1 0 -1 0 -1 -1 0 -1 -1 0 -1 0 0 0 0 -1 -1 -1 -1 -1 -1 -1 0 -1 0 -1 0 0 0 0 0 0 0 0 0 0 0 0 0 0 0 0 -1 0 -1 -1 0 0 -1 0 0 0 -1 -1 -1 0 0 -1 -1 -1 -1 0 0 -1 0 -1 -1 0 0 -1 0 0 0 -1 0 0 0 -1 0 0 -1 0 0 0 0 0 -1 0 -1 0 -1 -1 -1 0 0 0 0 0 0 0 -1 -1 0 0 -1 0 0 -1 0 0 -1 0 0 -1 0 0 0 0
0 0 0 -1 -1 0 0 0 -1 0 0 0 0 0 0 -1 -1 -1 0 0 0 0 0 -1 -1 -1 -1 0 0 0 0 0 0 0 0 0 -1 0 -1 0 -1 -1 0 -1 -1 0 0 -1 0 0 0 -1 -1 -1 0 0 0 0 -1 0 -1 0 -1 0 0 0 -1 -1 0 -1 0 0 0 -1 0 0 0 -1 0 -1 -1 0 -1 0 -1 -1 -1 -1 -1 0 0 0 -1 0 0 0 -1 0 0 0 0 0 0 -1 0 0 0 0 0 -1 -1 -1 -1 -1 0 -1 0 0 0 0 -1 0 0 0 0 0 0 -1 -1 0 -1 -1 0 -1 0 0 -1 -1 -1 0 0 0 0 -1 -1 0 -1 0 -1 -1
0 -1 0 0 -1 0 0 -1 0 -1 -1 0 0 -1 -1 -1 0 0 -1 0 0 -1 -1 -1 0 0 -1 -1 -1 0 -1 0 0 0 -1 0 0 0 0 0 0 -1 0 0 -1 0 -1 0 -1 0 -1 0 0 0 -1 -1 -1 -1 0 -1 0 -1 0 0 0 0 -1 0 -1 -1 0 -1 -1 0 0 -1 0 -1 -1 0 0 0 0 0 -1 0 0 -1 -1 -1 -1 -1 -1 -1 -1 0 -1 0 -1 0 0 -1 0 -1 -1 0 0 0 0 -1 0 -1 0 0 -1 0 0 0 0 0 -1 0 -1 -1 -1 0 -1 0 0 -1 -1 -1 -1 0 0 0 0 0 0 0 0 0 -1 0 0 0 -1 0 0 0
0 0 0 0 0 -1 -1 -1 -1 -1 0 0 0 0 -1 -1 -1 -1 0 0 0 -1 0 -1 -1 -1 0 -1 0 -1 0 -1 0 -1 0 0 0 0 -1 -1 0 -1 0 -1 0 -1 0 0 -1 0 0 -1 -1 0 -1 -1 -1 0 0 -1 -1 0 -1 -1 0 0 0 0 0 0 0 0 0 -1 0 0 0 0 0 0 0 0 0 0 0 0 -1 0 0 0 -1 -1 -1 0 -1 -1 0 0 0 -1 -1 -1 -1 -1 -1 0 0 0 0 -1 -1 0 -1 0 0 0 0 0 0 -1 0 -1 -1 0 0 0 0 0 0 0 -1 -1 -1 -1 0 -1 -1 -1 -1 0 -1 -1 0 0 0 -1 0 0 -1 0
-1 0 -1 0 -1 -1 -1 0 0 -1 -1 0 -1 -1 -1 0 0 0 0 -1 0 0 0 -1 -1 0 0 0 -1 -1 -1 -1 0 -1 0 0 -1 0 -1 -1 0 -1 0 -1 0 0 -1 0 -1 0 -1 -1 0 0 0 0 0 0 0 0 0 0 -1 -1 0 -1 0 0 -1 0 0 0 0 -1 0 0 -1 0 -1 -1 0 -1 0 -1 0 0 0 0 0 -1 0 -1 -1 0 0 0 0 -1 0 -1 0 -1 -1 0 0 0 0 -1 0 0 -1 0 -1 0 0 -1 -1 -1 0 -1 0 -1 -1 0 0 0 -1 0 0 0 -1 -1 -1 0 0 0 0 0 0 0 0 0 0 0 0 -1 -1 0 -1 -1
0 -1 0 -1 0 0 -1 -1 -1 0 0 -1 0 0 0 0 0 0 0 0 -1 0 -1 0 0 -1 -1 0 -1 0 -1 -1 0 -1 -1 0 0 -1 -1 0 0 -1 0 0 -1 0 -1 0 -1 0 0 -1 0 0 0 0 -1 0 0 0 0 0 0 -1 -1 0 0 0 0 0 0 -1 0 0 -1 -1 0 0 0 0 0 0 0 0 -1 0 -1 0 -1 -1 -1 -1 0 -1 0 0 -1 0 0 0 -1 0 0 0 0 -1 0 0 0 0 -1 -1 -1 -1 0 0 0 0 0 -1 0 -1 -1 0 -1 0 0 0 -1 0 0 -1 0 0 0 -1 -1 0 0 0 0 -1 -1 -1 -1 0 -1 -1 0 -1
0 0 -1 -1 0 0 0 -1 -1 -1 0 0 -1 0 0 -1 0 -1 0 0 -1 -1 0 0 0 0 -1 0 0 -1 0 0 -1 -1 0 -1 0 0 0 -1 -1 -1 -1 0 0 -1 -1 0 -1 0 -1 0 -1 0 0 0 0 0 -1 -1 0 -1 -1 0 -1 0 0 0 0 0 0 -1 -1 0 0 -1 0 0 0 -1 -1 -1 -1 0 -1 -1 0 -1 -1 -1 -1 -1 0 0 0 0 0 0 0 0 -1 -1 0 -1 0 -1 0 0 0 -1 -1 -1 0 0 0 0 0 -1 -1 0 -1 -1 0 0 0 0 0 -1 -1 0 -1 0 0 0 0 0 0 0 -1 -1 -1 0 0 0 -1 0 -1 -1 -1 0
-1 0 0 -1 0 -1 0 -1 0 -1 0 0 -1 0 0 -1 -1 0 -1 0 0 0 0 0 0 0 0 0 -1 0 -1 0 0 0 0 0 -1 0 0 0 0 -1 0 0 -1 0 0 0 -1 0 -1 0 0 -1 0 -1 -1 0 0 0 0 0 0 0 0 -1 0 -1 0 0 -1 0 -1 -1 -1 0 0 -1 0 -1 -1 0 0 0 -1 0 0 0 0 -1 -1 0 0 0 0 0 0 -1 0 -1 0 0 -1 -1 -1 -1 0 0 0 -1 0 -1 0 0 0 -1 -1 -1 -1 0 0 -1 0 0 -1 0 0 0 0 -1 0 0 0 0 0 0 0 -1 0 0 -1 0 0 -1 0 0 -1 0 0 0
0 0 0 0 0 0 0 0 0 -1 0 0 0 0 -1 0 0 -1 0 -1 0 -1 -1 0 -1 0 0 -1 0 0 -1 0 -1 -1 -1 0 0 0 0 0 -1 0 -1 0 0 -1 0 0 0 0 -1 0 0 0 0 -1 -1 -1 -1 0 -1 0 -1 -1 -1 -1 0 -1 0 -1 0 0 0 -1 0 0 0 -1 0 0 0 -1 -1 0 -1 0 0 -1 -1 -1 -1 0 0 -1 0 0 0 0 0 -1 0 0 -1 -1 -1 0 0 -1 0 -1 -1 0 0 -1 0 -1 0 0 -1 0 -1 -1 -1 0 0 0 0 0 -1 0 0 0 0 0 0 -1 0 -1 0 0 0 0 -1 0 -1 0 0 0 0 0
-1 0 -1 -1 0 0 0 0 0 0 -1 0 -1 -1 0 0 -1 0 0 -1 0 0 -1 -1 -1 0 0 0 0 0 -1 0 0 -1 0 -1 -1 0 -1 -1 0 0 0 -1 0 0 0 0 -1 0 -1 -1 0 0 0 0 0 -1 0 0 0 -1 0 -1 0 0 0 0 -1 -1 0 0 0 0 0 0 0 0 0 -1 0 -1 0 -1 0 -1 -1 -1 -1 -1 0 -1 -1 -1 0 -1 -1 -1 0 0 -1 -1 0 -1 0 0 -1 0 0 -1 0 -1 -1 0 -1 -1 -1 -1 0 0 -1 0 0 -1 0 -1 0 0 0 -1 0 -1 -1 0 0 0 -1 0 0 -1 0 0 -1 -1 0 0 -1 -1 0 -1
0 0 -1 0 0 -1 -1 0 0 0 -1 0 0 0 -1 0 -1 -1 -1 0 0 0 0 0 -1 0 -1 -1 0 0 0 -1 0 -1 -1 0 0 -1 0 -1 -1 0 0 -1 -1 0 0 0 -1 -1 -1 -1 0 0 -1 0 0 0 0 0 -1 -1 0 0 0 -1 0 0 0 -1 0 -1 0 -1 -1 0 -1 0 -1 -1 -1 -1 0 -1 -1 0 0 -1 0 -1 0 0 0 0 0 0 0 0 -1 0 0 0 -1 -1 -1 -1 0 -1 0 0 0 0 0 0 -1 0 -1 0 -1 0 0 0 -1 0 0 -1 -1 -1 0 0 0 0 -1 0 0 0 -1 -1 0 -1 -1 -1 0 0 0 -1 0 0 0 -1
-1 -1 0 0 0 0 -1 -1 -1 -1 0 -1 -1 0 -1 -1 0 0 0 0 -1 -1 0 0 0 -1 -1 0 0 -1 -1 0 0 0 -1 -1 0 0 0 -1 0 0 0 0 0 -1 0 -1 0 0 0 -1 0 0 -1 -1 -1 0 0 -1 0 0 -1 -1 0 0 0 0 0 -1 0 0 0 0 0 0 0 0 -1 -1 0 -1 -1 -1 0 -1 -1 0 0 -1 0 0 0 0 0 0 0 -1 -1 -1 0 0 0 0 -1 0 -1 0 0 0 -1 0 0 0 -1 0 -1 0 0 0 0 0 0 0 0 -1 0 0 0 -1 -1 -1 -1 0 -1 0 0 0 -1 0 -1 0 0 0 0 0 -1 -1 0 0
0 -1 -1 -1 -1 0 -1 0 0 -1 0 -1 0 -1 -1 -1 0 -1 -1 -1 -1 0 0 0 -1 0 -1 -1 0 0 0 0 -1 0 0 0 -1 -1 -1 -1 0 0 0 0 0 -1 0 0 -1 0 0 0 0 0 -1 -1 0 0 0 0 0 0 -1 -1 -1 0 0 0 -1 0 0 -1 0 -1 -1 -1 0 -1 -1 -1 0 0 0 0 0 -1 0 0 -1 -1 -1 0 0 -1 -1 -1 0 0 -1 -1 -1 -1 -1 0 0 0 0 -1 0 -1 0 -1 0 0 0 0 -1 -1 -1 0 0 0 -1 0 0 0 -1 -1 0 -1 -1 0 0 0 0 -1 0 -1 0 0 -1 0 0 0 0 0 -1 0 -1 -1
0 -1 0 0 -1 -1 0 -1 -1 0 -1 -1 0 0 -1 0 0 0 0 -1 -1 -1 0 0 0 0 0 0 -1 0 0 -1 0 0 -1 0 0 0 0 0 -1 0 -1 0 -1 -1 0 0 0 -1 -1 -1 -1 -1 0 0 0 -1 -1 0 0 -1 0 0 0 0 0 0 0 -1 0 0 0 -1 -1 0 -1 0 -1 -1 -1 0 0 0 0 0 0 0 -1 0 0 0 0 0 0 0 0 -1 -1 -1 -1 0 -1 0 0 0 0 0 0 -1 0 0 -1 0 -1 0 -1 0 0 -1 0 -1 0 -1 0 0 0 0 -1 0 0 -1 0 -1 0 0 0 0 0 0 0 -1 0 0 -1 -1 -1 0 0 -1
-1 0 0 0 -1 0 0 -1 -1 0 0 0 -1 0 -1 0 -1 0 0 0 -1 -1 0 -1 -1 -1 -1 0 -1 0 -1 0 0 -1 -1 0 0 0 0 0 0 -1 0 -1 0 0 -1 -1 0 0 -1 0 0 -1 -1 0 -1 -1 -1 -1 -1 0 0 -1 -1 -1 -1 0 0 -1 0 0 0 0 -1 0 0 0 0 0 -1 -1 -1 0 0 -1 0 0 -1 0 0 0 -1 -1 0 -1 0 0 0 -1 -1 0 -1 0 -1 0 -1 0 0 -1 -1 -1 -1 0 0 -1 0 0 0 -1 -1 0 -1 -1 -1 -1 0 -1 -1 0 -1 0 0 -1 -1 0 -1 0 0 0 0 0 -1 0 0 0 -1 0 -1 0
-1 0 0 0 -1 0 0 0 0 0 0 0 0 -1 0 -1 -1 -1 0 0 0 0 -1 -1 0 0 -1 0 0 0 0 -1 0 -1 0 -1 0 -1 0 0 0 0 -1 0 -1 0 0 0 0 -1 0 0 0 0 0 -1 -1 0 0 -1 -1 -1 0 0 -1 0 -1 0 0 0 -1 -1 0 -1 -1 0 0 0 0 0 0 -1 0 0 0 0 -1 -1 0 0 -1 0 0 0 0 -1 0 0 0 -1 0 0 -1 -1 -1 0 0 0 0 0 0 -1 -1 0 -1 -1 0 0 -1 0 0 0 -1 0 0 -1 -1 -1 -1 0 0 -1 -1 0 0 0 0 0 0 0 -1 0 0 0 0 -1 -1 -1 0 0
0 0 -1 -1 0 -1 0 0 0 0 -1 0 0 0 0 0 0 0 0 -1 -1 0 -1 -1 0 -1 -1 0 0 -1 -1 0 -1 0 0 -1 -1 0 -1 -1 0 0 -1 0 0 0 0 0 0 0 0 -1 0 0 0 -1 -1 0 0 -1 0 -1 -1 -1 -1 0 0 0 0 -1 -1 -1 -1 0 0 -1 0 0 0 0 0 -1 0 -1 0 -1 0 0 -1 0 0 0 0 -1 -1 0 0 0 0 0 0 -1 0 -1 -1 0 0 -1 0 0 0 0 0 0 0 0 -1 0 -1 -1 0 -1 -1 -1 -1 -1 0 -1 0 0 -1 0 0 -1 0 0 0 -1 -1 -1 0 -1 0 0 0 -1 0 -1 0 0
-1 0 0 0 0 -1 0 -1 -1 0 0 -1 0 0 -1 -1 0 -1 0 -1 -1 -1 0 -1 -1 -1 -1 -1 -1 -1 0 -1 -1 -1 -1 0 -1 0 0 0 0 0 -1 0 -1 0 0 -1 0 0 -1 0 0 -1 0 0 -1 -1 0 -1 -1 0 0 -1 -1 -1 0 -1 0 -1 0 0 -1 0 0 0 0 0 0 -1 -1 -1 -1 0 -1 0 0 0 -1 0 0 0 0 -1 0 0 -1 0 0 0 0 -1 -1 0 -1 -1 0 -1 0 0 0 -1 -1 -1 -1 0 -1 0 -1 -1 -1 0 0 0 0 0 0 0 -1 -1 0 0 -1 0 0 -1 -1 0 0 0 0 -1 0 0 0 0 -1 -1 0 0
0 -1 0 0 -1 0 0 0 0 0 -1 0 -1 0 0 0 0 0 0 0 0 0 -1 0 0 0 0 0 0 0 0 -1 0 -1 0 -1 0 -1 0 0 -1 -1 0 0 0 -1 0 0 0 -1 -1 0 -1 0 0 -1 0 0 0 0 -1 0 -1 -1 0 -1 0 0 0 0 -1 0 0 0 0 0 -1 0 -1 0 -1 0 0 -1 -1 0 0 -1 -1 0 0 -1 0 -1 -1 -1 -1 0 -1 -1 0 0 0 0 0 -1 0 -1 -1 -1 -1 0 -1 0 0 0 0 0 -1 0 -1 -1 0 0 0 0 0 -1 -1 0 0 0 0 -1 -1 -1 0 0 0 -1 -1 0 -1 -1 0 0 0 0 0 0
-1 0 0 0 0 -1 -1 0 -1 0 0 -1 0 -1 0 0 0 -1 0 -1 -1 0 -1 -1 0 -1 0 0 0 -1 0 0 0 0 -1 0 0 0 0 -1 0 0 0 0 0 0 0 -1 0 0 0 -1 0 0 -1 0 0 -1 0 -1 0 0 0 0 0 0 0 0 -1 -1 -1 0 0 0 -1 -1 0 0 -1 -1 -1 -1 -1 -1 0 -1 0 0 0 -1 -1 -1 0 0 -1 0 0 -1 -1 -1 -1 -1 -1 -1 0 0 -1 -1 0 0 0 0 0 -1 0 0 -1 -1 0 0 0 0 -1 0 -1 0 -1 -1 0 0 -1 0 -1 0 0 0 -1 0 -1 0 -1 0 -1 0 0 -1 0 0 -1 -1
0 -1 0 -1 -1 0 0 -1 -1 -1 -1 0 -1 0 -1 -1 0 0 -1 -1 -1 -1 0 0 -1 -1 0 0 0 0 -1 0 0 -1 -1 -1 0 -1 0 -1 0 0 0 0 -1 0 0 -1 -1 0 -1 0 0 -1 0 -1 -1 -1 -1 0 -1 0 0 0 0 0 0 -1 -1 0 -1 0 -1 0 -1 -1 0 0 0 0 0 0 0 0 0 0 -1 -1 -1 0 -1 0 0 -1 -1 0 0 -1 0 -1 0 -1 -1 0 -1 0 -1 0 0 -1 0 0 0 0 0 0 -1 0 -1 0 0 0 0 0 0 0 -1 0 -1 0 0 -1 -1 0 0 0 0 0 -1 0 -1 -1 0 0 -1 -1 0 -1 0 -1
0 0 0 -1 0 0 -1 0 0 -1 0 -1 -1 0 -1 0 0 0 0 -1 0 0 -1 0 -1 -1 0 -1 -1 -1 -1 0 0 -1 -1 0 -1 0 0 0 0 0 -1 0 0 -1 0 0 -1 0 0 0 -1 0 0 -1 0 -1 0 0 -1 0 0 -1 -1 -1 -1 0 -1 0 0 -1 0 0 0 -1 0 -1 0 0 0 0 0 0 0 0 -1 0 -1 -1 0 0 -1 0 -1 0 0 0 -1 0 -1 0 -1 -1 -1 -1 -1 -1 -1 0 -1 0 0 0 0 0 0 0 -1 -1 0 0 0 0 0 -1 0 -1 -1 0 0 -1 0 -1 -1 -1 -1 0 0 -1 0 -1 0 0 -1 0 0 -1 0 -1
-1 -1 0 0 -1 -1 0 0 -1 0 0 -1 0 0 -1 0 0 -1 0 0 -1 -1 -1 0 -1 0 -1 0 0 0 -1 0 -1 0 -1 -1 0 -1 0 0 0 0 -1 0 0 0 0 0 0 0 0 -1 0 -1 0 0 0 0 0 -1 -1 0 -1 0 -1 0 -1 0 -1 -1 0 0 0 0 0 0 0 0 -1 0 -1 0 -1 -1 0 0 -1 0 0 -1 0 0 0 0 0 0 -1 0 0 0 0 0 0 -1 0 -1 0 0 0 -1 0 0 -1 0 0 0 -1 0 0 0 -1 0 0 0 -1 -1 0 0 -1 -1 0 0 -1 0 -1 0 -1 0 0 -1 0 0 0 0 -1 0 0 -1 0 0
0 -1 0 -1 0 0 -1 -1 0 0 0 0 0 0 -1 -1 0 -1 0 0 -1 0 0 0 0 -1 0 0 0 0 0 -1 -1 -1 0 0 0 0 0 -1 0 -1 -1 0 0 -1 0 0 -1 0 -1 0 0 0 -1 0 -1 0 0 0 0 -1 0 -1 0 -1 -1 0 0 -1 -1 0 0 0 0 -1 0 0 0 -1 -1 0 -1 0 -1 0 0 0 0 0 -1 0 -1 -1 0 -1 0 -1 0 -1 -1 -1 -1 -1 0 0 -1 0 0 -1 -1 0 0 -1 0 0 0 0 0 0 0 -1 0 0 0 -1 0 0 -1 0 0 0 -1 -1 -1 0 0 -1 0 -1 -1 0 -1 0 0 0 0 0 0 0
-1 -1 -1 -1 0 0 0 -1 -1 0 -1 0 0 -1 0 -1 -1 -1 0 -1 -1 0 0 -1 0 0 -1 -1 -1 -1 0 0 -1 0 -1 0 0 0 0 -1 0 0 0 0 0 0 0 0 -1 -1 -1 0 0 0 -1 0 0 0 -1 -1 0 0 0 0 -1 0 0 -1 0 0 -1 0 0 -1 0 0 0 0 -1 0 0 -1 0 0 0 0 0 0 0 -1 -1 0 -1 -1 0 -1 0 -1 -1 0 -1 -1 0 0 -1 0 -1 0 0 0 -1 0 0 -1 -1 0 -1 0 -1 -1 0 0 0 0 -1 0 0 0 -1 -1 0 0 0 0 0 0 -1 -1 0 -1 -1 -1 -1 0 -1 -1 0 -1 0 0
0 -1 0 -1 0 0 0 -1 -1 -1 -1 0 0 0 -1 0 0 0 -1 -1 0 0 -1 -1 -1 0 0 -1 -1 0 0 0 0 0 -1 -1 0 -1 -1 0 -1 0 -1 0 -1 -1 -1 0 0 -1 0 0 0 0 -1 0 -1 0 0 0 -1 -1 0 0 -1 0 -1 -1 -1 -1 0 -1 -1 0 0 0 0 0 0 -1 -1 -1 -1 0 -1 0 -1 0 -1 0 -1 0 0 -1 0 0 0 -1 0 -1 0 0 0 0 -1 -1 0 0 0 -1 -1 0 -1 0 0 -1 0 0 -1 -1 0 0 -1 0 0 0 0 -1 0 0 -1 0 0 -1 0 -1 -1 0 0 0 -1 0 -1 0 0 0 0 0 0 0
0 -1 0 0 0 0 0 0 -1 -1 0 0 0 -1 0 -1 -1 -1 0 0 0 0 0 0 -1 0 0 -1 0 0 -1 -1 -1 0 -1 0 0 0 0 0 0 0 0 0 -1 0 0 0 0 -1 0 0 0 0 0 0 0 0 0 -1 -1 0 0 0 0 0 0 0 0 0 -1 -1 0 0 0 0 0 0 -1 -1 0 -1 -1 0 0 -1 0 0 -1 -1 0 -1 -1 0 0 -1 -1 -1 0 0 0 -1 0 -1 0 0 -1 0 -1 0 0 0 -1 -1 0 -1 0 -1 0 0 0 0 -1 -1 -1 -1 0 -1 0 0 -1 -1 0 0 0 0 -1 0 0 0 -1 -1 0 -1 -1 0 -1 -1 0 0
-1 0 0 -1 0 -1 -1 -1 -1 -1 -1 -1 -1 -1 -1 0 0 0 -1 0 0 0 -1 0 -1 -1 0 0 0 0 0 0 0 -1 -1 0 0 -1 -1 0 0 -1 -1 0 0 0 0 -1 -1 0 0 0 -1 -1 0 0 -1 -1 -1 0 0 0 0 -1 -1 -1 -1 0 -1 -1 0 -1 0 -1 0 -1 0 0 -1 0 0 -1 -1 0 -1 0 -1 0 0 0 0 -1 -1 0 0 0 -1 -1 -1 -1 -1 0 -1 0 0 0 0 -1 -1 -1 -1 0 0 -1 -1 -1 -1 0 -1 -1 0 -1 -1 0 0 0 -1 -1 0 0 -1 0 0 0 0 0 0 0 0 0 0 0 0 0 0 -1 -1 -1 -1 -1
-1 -1 0 -1 0 0 0 0 0 0 -1 0 -1 -1 0 0 -1 0 -1 0 -1 0 -1 0 0 0 0 0 -1 0 -1 0 0 0 -1 0 -1 0 -1 -1 0 -1 0 -1 -1 -1 0 -1 0 0 0 0 -1 0 0 0 -1 0 -1 -1 0 -1 0 0 0 -1 -1 0 -1 0 -1 -1 0 0 -1 0 0 0 0 0 0 0 0 0 -1 -1 0 -1 -1 0 0 0 0 0 0 -1 0 0 -1 -1 -1 -1 0 0 -1 0 -1 -1 0 0 -1 0 -1 0 0 0 0 0 -1 0 -1 0 0 0 -1 -1 -1 0 -1 0 0 0 0 0 0 -1 0 0 0 0 -1 -1 0 -1 0 -1 0 0 -1 0
0 -1 0 -1 0 -1 -1 0 -1 0 0 0 0 0 -1 0 0 0 0 0 0 0 0 0 0 0 0 -1 0 0 0 0 0 0 -1 0 0 -1 -1 -1 0 -1 0 -1 0 0 0 0 0 -1 0 0 -1 0 0 0 -1 0 -1 0 -1 0 0 -1 0 -1 -1 -1 0 0 -1 0 0 0 0 0 0 0 0 0 0 0 0 -1 -1 -1 -1 0 -1 -1 -1 -1 0 0 -1 -1 0 0 0 0 0 -1 -1 0 -1 0 0 -1 0 0 -1 0 -1 0 0 -1 0 0 0 0 0 -1 -1 -1 -1 0 0 0 -1 0 -1 0 -1 0 0 -1 -1 -1 -1 -1 0 0 -1 0 0 0 -1 0 -1 0
-1 -1 0 0 0 0 0 -1 0 0 0 0 0 0 0 0 0 0 0 0 -1 -1 -1 -1 -1 -1 0 0 0 -1 0 0 0 -1 0 0 0 -1 0 0 0 0 0 -1 0 -1 0 -1 -1 -1 -1 -1 -1 -1 0 0 0 0 -1 -1 0 0 -1 0 -1 0 0 0 0 -1 0 -1 0 0 0 -1 0 -1 -1 0 0 0 -1 -1 0 0 0 0 0 0 0 -1 -1 -1 -1 -1 -1 0 0 0 0 -1 -1 0 0 0 -1 0 -1 0 0 0 -1 0 0 -1 0 -1 0 0 0 0 -1 0 -1 0 0 0 0 0 0 0 0 0 0 -1 -1 -1 0 0 0 -1 -1 0 0 0 0 -1 -1 -1
-1 -1 -1 0 0 -1 0 -1 0 -1 0 -1 -1 -1 -1 -1 0 0 0 0 0 0 -1 0 -1 0 -1 -1 0 -1 0 0 0 -1 -1 0 -1 -1 -1 0 -1 0 0 0 -1 0 -1 -1 0 0 0 0 0 0 0 -1 -1 0 0 0 0 0 0 0 0 0 -1 0 0 0 0 0 0 0 0 -1 -1 0 -1 0 0 -1 0 0 -1 -1 -1 0 0 -1 -1 0 0 0 -1 -1 -1 -1 0 0 0 0 -1 -1 0 0 0 0 0 -1 0 0 0 0 -1 -1 0 0 0 -1 -1 0 0 0 -1 0 0 -1 -1 0 0 0 0 -1 0 0 0 0 -1 0 -1 0 0 -1 0 0 0 0 0 -1
0 0 0 0 -1 0 0 0 -1 -1 0 -1 -1 0 0 -1 -1 0 0 0 0 -1 0 0 0 0 -1 -1 0 0 0 0 0 0 0 -1 0 0 -1 -1 0 0 -1 -1 -1 0 -1 0 -1 -1 -1 0 0 -1 0 0 -1 0 0 0 -1 0 -1 -1 -1 0 -1 0 0 -1 0 -1 0 0 0 0 0 0 0 0 0 0 -1 0 -1 0 -1 0 0 0 0 -1 0 0 -1 0 0 0 0 0 0 0 -1 0 0 0 0 -1 0 0 -1 0 0 0 0 0 -1 0 0 -1 0 0 0 -1 0 -1 -1 -1 -1 0 -1 0 0 -1 -1 0 -1 0 0 -1 -1 0 0 0 0 -1 -1 -1 0 0
-1 0 0 0 0 0 -1 0 0 0 0 -1 0 -1 -1 0 -1 -1 -1 0 0 -1 -1 -1 0 -1 0 0 0 -1 0 0 0 0 -1 0 0 -1 -1 0 0 -1 -1 -1 -1 0 -1 0 0 0 0 -1 0 -1 -1 0 0 0 0 -1 0 0 0 0 -1 0 -1 -1 -1 -1 -1 -1 0 0 -1 -1 0 0 0 -1 0 -1 -1 0 0 -1 0 0 -1 -1 0 0 0 0 0 0 -1 0 0 -1 0 -1 0 0 -1 0 0 0 0 0 -1 -1 -1 0 -1 -1 0 0 0 0 0 -1 0 -1 0 0 0 -1 -1 0 0 -1 0 -1 -1 0 0 0 -1 0 -1 -1 -1 0 0 0 -1 -1 0 -1
0 0 0 0 0 -1 0 0 -1 0 -1 -1 0 0 0 -1 -1 0 0 -1 -1 -1 -1 0 -1 0 0 0 0 0 -1 0 -1 0 0 -1 0 -1 -1 -1 -1 -1 -1 -1 -1 -1 -1 0 0 -1 0 -1 -1 0 0 0 -1 -1 0 -1 0 -1 0 -1 0 -1 -1 0 -1 0 -1 -1 0 0 0 0 -1 0 0 0 0 0 0 -1 -1 -1 0 -1 0 -1 -1 0 -1 0 0 0 0 -1 0 -1 0 -1 0 -1 0 0 0 0 0 0 0 0 -1 0 -1 -1 0 0 -1 -1 0 0 0 0 0 0 0 0 0 -1 0 0 -1 0 -1 0 0 -1 0 0 -1 -1 -1 -1 0 0 0 0 -1 -1
0 -1 -1 0 0 0 -1 0 -1 0 0 -1 0 -1 0 0 -1 0 -1 0 0 0 -1 -1 0 0 0 0 -1 -1 0 0 -1 0 0 0 -1 0 -1 0 0 0 0 0 0 -1 0 0 0 -1 0 -1 0 0 0 0 0 0 0 0 0 0 0 0 -1 -1 0 0 0 -1 -1 0 0 -1 -1 0 0 0 -1 -1 0 0 0 0 -1 0 -1 0 0 -1 0 0 0 -1 -1 -1 -1 -1 0 0 -1 -1 0 0 0 -1 -1 -1 0 0 0 -1 -1 -1 0 -1 -1 0 0 -1 0 0 -1 -1 0 -1 0 -1 -1 -1 -1 -1 0 -1 0 0 0 0 -1 0 0 0 -1 -1 0 0 0 0 -1 0
0 0 0 0 -1 -1 0 0 0 -1 0 0 0 0 -1 -1 0 -1 -1 -1 -1 -1 0 0 0 0 0 -1 0 -1 -1 0 -1 -1 -1 -1 0 0 -1 -1 0 -1 -1 0 -1 -1 0 0 -1 -1 -1 0 -1 0 0 0 0 -1 0 0 0 -1 -1 -1 -1 0 0 0 0 -1 0 -1 0 -1 0 -1 0 0 -1 0 0 0 0 0 0 0 0 -1 0 0 0 0 0 0 0 -1 0 0 -1 0 0 -1 0 0 0 -1 -1 -1 0 0 0 0 0 0 0 0 -1 -1 -1 -1 0 0 -1 -1 -1 0 -1 0 -1 0 0 -1 0 -1 -1 0 0 0 0 -1 0 0 0 0 0 0 0 0 -1 -1
0 0 0 0 0 0 0 0 -1 0 -1 0 0 0 0 0 0 -1 -1 -1 0 -1 -1 0 0 0 0 0 -1 -1 0 0 0 0 0 0 0 0 -1 0 0 0 -1 0 0 -1 0 0 -1 -1 0 -1 0 -1 0 0 0 0 0 -1 -1 0 -1 0 -1 0 0 -1 0 -1 0 -1 -1 -1 -1 0 0 -1 -1 -1 0 0 0 0 0 -1 0 -1 0 -1 -1 0 0 0 -1 -1 0 0 -1 -1 0 -1 -1 -1 0 0 0 -1 0 0 0 -1 -1 0 0 0 -1 0 0 -1 0 -1 -1 0 0 0 -1 0 0 0 0 0 -1 0 0 0 0 -1 0 -1 -1 0 -1 0 0 -1 0 -1 -1 0
0 0 0 -1 -1 -1 -1 -1 -1 0 0 0 0 -1 -1 0 0 -1 0 -1 0 -1 -1 0 -1 -1 0 0 -1 -1 0 0 -1 0 -1 0 0 0 0 0 -1 0 0 0 0 0 0 -1 0 0 0 0 0 -1 0 0 -1 0 0 0 0 0 0 0 -1 0 -1 0 0 0 -1 -1 0 -1 -1 0 0 0 -1 -1 0 -1 -1 0 0 -1 -1 0 0 0 -1 -1 -1 0 -1 -1 -1 0 -1 0 0 0 -1 0 0 0 0 -1 0 -1 0 0 0 -1 0 -1 0 0 -1 0 -1 -1 0 0 -1 0 0 -1 0 -1 -1 -1 0 0 0 -1 0 0 0 0 -1 0 0 0 0 -1 0 0 0 -1
-1 0 0 0 0 -1 -1 -1 0 0 -1 -1 -1 0 -1 0 0 -1 0 0 -1 0 -1 0 0 -1 -1 0 0 0 0 0 -1 -1 0 0 -1 -1 0 0 -1 0 -1 -1 0 -1 0 0 0 0 -1 0 0 0 -1 0 0 -1 -1 0 0 0 0 -1 0 -1 0 -1 0 -1 0 -1 0 -1 0 -1 0 0 -1 -1 0 0 0 0 0 0 0 0 -1 0 -1 -1 0 -1 0 -1 0 -1 -1 0 0 0 -1 0 0 0 -1 0 0 0 -1 0 0 0 0 0 -1 0 0 0 -1 0 0 -1 -1 0 -1 -1 0 -1 -1 0 -1 -1 0 0 0 -1 0 -1 0 0 -1 -1 0 -1 -1 0 -1 -1
-1 -1 -1 0 0 0 0 0 -1 0 0 -1 -1 0 0 -1 0 -1 0 0 -1 -1 0 -1 -1 -1 -1 0 0 0 -1 -1 0 0 0 0 0 0 0 0 0 0 -1 0 0 0 0 0 0 0 -1 0 0 -1 -1 0 -1 -1 0 0 0 -1 0 0 -1 -1 0 0 0 0 0 -1 0 0 0 0 0 0 -1 -1 -1 0 -1 0 0 -1 0 0 0 0 0 0 0 0 0 -1 0 0 -1 0 0 0 0 -1 0 -1 0 -1 0 -1 -1 -1 0 0 0 0 -1 0 0 0 -1 -1 -1 -1 0 0 0 0 0 -1 0 0 -1 -1 -1 -1 0 -1 -1 -1 -1 0 0 0 0 -1 0 0 -1 -1
0 -1 0 0 0 0 -1 0 -1 0 -1 -1 0 0 -1 -1 0 0 0 0 -1 -1 -1 0 0 0 0 -1 0 0 0 -1 0 0 0 0 -1 -1 -1 0 0 0 0 0 0 -1 -1 -1 -1 -1 0 0 0 -1 -1 0 0 0 0 0 0 0 -1 0 -1 0 0 0 -1 -1 0 0 0 0 0 -1 -1 0 0 0 0 0 0 -1 0 0 -1 0 0 -1 0 -1 -1 0 -1 -1 0 -1 0 0 -1 0 0 -1 0 0 0 -1 -1 -1 0 0 -1 -1 -1 -1 0 -1 0 0 -1 -1 0 0 0 0 -1 -1 -1 -1 -1 -1 -1 0 0 0 0 -1 0 0 0 0 -1 0 -1 0 -1 -1 0 -1
-1 -1 0 -1 -1 -1 -1 -1 -1 -1 0 -1 -1 0 0 0 0 -1 -1 -1 -1 0 0 0 0 0 -1 -1 0 0 -1 0 0 0 0 0 -1 0 0 -1 0 0 -1 0 -1 -1 0 0 0 0 -1 -1 0 -1 -1 0 0 -1 0 0 -1 0 -1 0 0 0 0 -1 0 0 0 0 -1 -1 -1 -1 0 0 0 0 -1 0 0 0 -1 0 0 0 -1 -1 0 0 -1 0 0 0 0 0 0 -1 0 -1 0 -1 0 -1 0 0 0 -1 -1 0 0 0 0 -1 0 -1 -1 0 -1 -1 -1 0 -1 0 0 0 0 0 -1 0 0 0 -1 0 0 0 0 -1 0 0 0 -1 0 -1 -1 -1 0 -1
-1 0 -1 0 -1 0 -1 -1 0 0 0 0 0 0 0 0 0 -1 0 -1 0 0 -1 0 0 0 0 -1 -1 -1 0 0 -1 -1 0 -1 -1 -1 -1 -1 0 0 0 0 -1 -1 -1 0 -1 0 -1 -1 -1 0 -1 0 -1 0 0 0 -1 0 0 0 0 0 0 0 -1 -1 0 -1 0 0 0 -1 0 -1 -1 0 0 0 -1 -1 -1 0 -1 0 0 -1 0 0 0 0 0 0 -1 0 0 -1 -1 0 -1 0 -1 0 -1 0 -1 0 0 -1 0 -1 -1 0 -1 -1 -1 0 0 -1 0 -1 -1 0 -1 0 0 -1 0 0 0 0 -1 0 -1 -1 0 0 -1 -1 0 0 -1 0 0 0 -1 0
0 -1 -1 -1 0 -1 0 0 0 -1 -1 0 -1 0 0 0 -1 -1 0 0 0 -1 0 0 -1 -1 -1 0 0 -1 0 0 0 -1 -1 -1 0 -1 0 0 0 0 0 -1 0 0 0 -1 0 -1 0 -1 -1 0 0 0 -1 -1 0 0 0 -1 0 -1 -1 -1 0 0 -1 -1 -1 -1 0 0 0 -1 0 -1 0 -1 0 -1 -1 0 -1 0 0 0 -1 0 0 -1 -1 0 0 -1 0 0 0 -1 0 -1 0 -1 0 0 0 0 0 0 -1 -1 0 -1 -1 0 0 0 0 0 -1 -1 -1 0 -1 0 0 -1 -1 -1 -1 -1 0 0 0 0 0 -1 0 0 0 -1 -1 0 0 0 0 -1 0 -1
-1 0 0 -1 0 -1 0 -1 -1 0 0 0 0 -1 0 0 -1 -1 0 0 -1 0 -1 -1 0 -1 0 0 0 -1 -1 0 -1 0 -1 -1 0 -1 -1 0 -1 0 0 0 -1 -1 -1 0 -1 0 -1 -1 0 -1 0 0 -1 -1 0 0 -1 0 0 0 0 -1 -1 -1 -1 0 -1 0 -1 -1 0 0 0 0 -1 -1 0 -1 0 -1 -1 0 -1 0 0 -1 -1 0 0 -1 -1 0 0 0 -1 -1 0 0 0 0 -1 0 0 -1 0 0 -1 -1 0 0 0 0 0 -1 0 0 -1 0 -1 0 0 0 0 0 0 0 0 0 0 0 0 -1 0 -1 0 0 -1 -1 0 0 -1 0 -1 -1 0 -1
-1 0 -1 -1 0 0 -1 -1 0 0 0 -1 -1 -1 -1 -1 0 0 0 0 0 0 0 0 0 0 0 0 -1 0 -1 -1 0 -1 0 -1 0 0 0 -1 0 0 0 -1 0 0 -1 0 -1 -1 0 0 -1 0 0 -1 0 0 0 0 0 0 -1 0 0 -1 0 0 -1 0 0 0 -1 0 -1 -1 0 0 0 0 0 -1 0 -1 0 -1 0 -1 -1 0 0 0 -1 0 0 0 -1 0 -1 0 -1 0 0 0 0 0 0 -1 -1 -1 0 0 -1 0 -1 -1 -1 0 -1 -1 0 -1 -1 0 -1 -1 0 0 0 0 0 0 0 -1 0 -1 0 0 0 0 0 -1 0 0 -1 0 0 0 0 0
-1 0 0 0 -1 0 0 0 0 -1 0 0 0 0 0 0 0 0 0 0 0 -1 -1 0 0 -1 0 -1 -1 0 -1 0 -1 0 0 -1 0 0 -1 0 0 -1 0 0 0 0 -1 -1 0 0 0 -1 0 0 0 0 0 -1 0 0 0 -1 -1 0 0 0 -1 0 -1 -1 0 0 0 0 -1 0 -1 0 -1 -1 0 0 0 0 0 0 0 -1 0 -1 0 0 0 0 -1 0 0 0 0 0 0 -1 -1 0 0 -1 0 -1 0 -1 -1 -1 -1 0 0 0 -1 0 -1 -1 0 -1 -1 -1 0 -1 0 0 -1 0 -1 -1 0 -1 -1 0 0 0 -1 0 0 -1 -1 -1 -1 0 0 0 -1 0
0 0 0 0 0 0 -1 -1 0 0 0 0 0 -1 0 0 -1 0 0 0 0 0 0 0 -1 0 0 0 0 0 0 0 -1 0 0 -1 -1 0 -1 0 0 0 -1 -1 0 -1 -1 0 0 0 0 0 0 -1 -1 0 0 -1 0 0 -1 0 0 0 0 -1 0 -1 0 0 -1 0 0 0 -1 -1 0 0 -1 0 0 0 0 -1 0 0 -1 0 0 0 0 -1 0 0 -1 0 -1 -1 0 0 0 0 0 -1 -1 -1 -1 0 0 0 0 -1 0 -1 0 -1 0 0 0 -1 0 -1 -1 -1 0 0 0 0 -1 -1 -1 -1 0 -1 -1 0 0 0 -1 -1 -1 -1 0 0 -1 0 0 -1 0 -1
0 0 0 0 -1 0 -1 0 0 0 -1 -1 -1 0 -1 0 -1 0 0 -1 0 0 0 0 0 -1 0 -1 0 0 -1 0 0 0 -1 -1 0 -1 -1 0 0 -1 -1 0 0 0 0 0 -1 -1 -1 0 0 0 0 0 -1 -1 -1 0 0 0 0 -1 -1 0 -1 0 0 0 -1 0 -1 0 -1 -1 -1 0 0 0 0 0 -1 0 -1 0 0 0 0 0 -1 0 -1 0 -1 0 0 0 0 0 -1 0 0 -1 0 0 0 0 0 -1 0 -1 0 -1 0 -1 0 0 0 0 0 -1 0 0 -1 -1 0 0 0 -1 -1 0 0 -1 0 0 -1 0 -1 -1 -1 -1 0 0 0 -1 -1 -1 0 -1
0 -1 0 0 0 0 0 0 0 -1 -1 0 -1 0 0 0 -1 -1 0 0 0 -1 0 0 0 0 0 0 -1 -1 0 0 -1 -1 0 0 0 -1 -1 0 -1 0 0 -1 0 -1 0 0 -1 0 0 -1 0 0 0 0 0 0 -1 -1 0 0 0 0 0 0 0 0 -1 0 0 -1 0 -1 0 0 0 -1 0 0 -1 0 -1 0 0 0 0 -1 0 -1 0 0 0 0 -1 0 0 0 0 0 0 0 -1 -1 0 0 0 -1 0 -1 0 -1 0 -1 -1 0 0 -1 0 -1 0 0 -1 0 0 -1 -1 -1 0 -1 0 -1 -1 0 -1 -1 0 0 0 -1 0 -1 -1 -1 -1 -1 -1 -1 0 -1
0 -1 -1 0 -1 -1 -1 0 -1 -1 -1 0 -1 0 -1 0 -1 0 0 0 0 0 -1 -1 0 -1 0 -1 0 -1 -1 -1 -1 0 -1 0 -1 -1 -1 -1 -1 0 0 -1 0 0 0 -1 -1 0 -1 -1 -1 0 0 -1 0 0 0 0 -1 0 0 -1 -1 0 0 0 -1 -1 0 0 0 0 0 0 0 -1 0 -1 0 0 0 0 -1 0 0 -1 -1 0 0 -1 0 0 0 -1 -1 0 0 0 -1 0 0 0 -1 0 0 0 0 0 -1 -1 0 0 0 0 -1 0 0 -1 0 0 -1 -1 0 -1 0 0 -1 0 0 -1 0 0 0 -1 0 0 -1 -1 0 -1 0 -1 0 -1 -1 0 0 0
0 0 0 0 -1 -1 -1 -1 0 0 0 -1 -1 0 -1 0 -1 -1 0 0 0 -1 -1 -1 0 -1 -1 -1 0 -1 -1 -1 0 -1 -1 -1 -1 0 0 0 0 0 -1 0 0 -1 0 0 0 0 0 -1 0 -1 0 -1 -1 -1 -1 -1 0 0 0 0 0 0 -1 -1 0 0 -1 -1 -1 0 -1 0 0 0 0 0 0 0 -1 0 0 0 -1 0 0 -1 -1 -1 0 -1 -1 0 -1 0 -1 -1 0 -1 0 -1 0 -1 -1 0 0 -1 -1 0 -1 0 -1 0 0 0 0 0 0 0 -1 -1 0 0 0 0 0 0 -1 -1 0 -1 0 0 0 -1 0 0 0 0 0 -1 0 0 -1 -1 0 -1
0 -1 -1 0 0 -1 0 -1 0 0 0 0 0 0 -1 -1 0 0 -1 0 0 -1 0 -1 -1 -1 0 -1 0 -1 0 -1 0 0 0 0 -1 -1 -1 0 -1 0 -1 0 -1 0 -1 -1 0 -1 -1 0 0 -1 0 0 -1 -1 -1 0 0 -1 0 0 0 -1 0 0 0 0 -1 0 0 -1 0 0 0 0 -1 -1 -1 0 0 0 0 0 0 -1 0 -1 0 0 0 -1 -1 0 0 0 -1 0 -1 0 -1 -1 0 0 -1 -1 -1 0 -1 0 -1 0 0 -1 0 -1 0 0 -1 -1 0 -1 -1 0 -1 -1 -1 -1 0 0 -1 0 0 0 0 0 0 -1 0 -1 0 0 0 -1 -1 0 -1 -1
0 0 0 0 0 -1 -1 0 0 -1 -1 0 0 0 -1 0 0 0 -1 0 -1 -1 -1 0 -1 -1 0 -1 0 0 -1 -1 0 0 0 0 -1 -1 0 0 -1 0 -1 -1 0 0 -1 0 -1 0 -1 -1 -1 -1 0 0 0 0 -1 0 -1 0 0 -1 -1 -1 0 0 0 0 0 0 0 0 -1 -1 0 -1 0 0 0 0 -1 0 0 -1 -1 0 -1 0 0 0 -1 0 0 0 -1 -1 0 0 -1 0 -1 -1 0 0 -1 -1 0 0 0 0 -1 0 0 -1 0 0 -1 0 0 0 0 0 0 -1 0 -1 -1 0 0 -1 0 0 0 -1 -1 -1 0 -1 -1 0 0 0 -1 0 -1 -1 0 -1
-1 -1 0 -1 0 0 -1 0 0 0 -1 -1 0 -1 -1 0 0 0 -1 0 -1 0 0 0 -1 -1 0 -1 0 -1 0 0 0 0 -1 -1 -1 -1 -1 -1 0 0 -1 0 -1 -1 0 0 0 0 0 0 -1 0 0 0 -1 -1 -1 0 0 0 0 -1 0 -1 -1 0 -1 0 0 0 0 -1 0 -1 0 0 -1 0 0 0 0 -1 0 -1 0 0 0 0 0 0 0 0 -1 0 0 -1 0 0 0 -1 0 0 -1 -1 0 0 0 0 -1 0 -1 0 0 -1 -1 0 0 0 0 0 -1 0 0 0 0 0 0 0 0 0 -1 0 0 0 -1 -1 0 0 0 0 0 -1 0 -1 0 0 0 -1
0 0 -1 0 -1 0 -1 0 0 0 0 -1 0 0 -1 0 0 -1 0 -1 0 -1 -1 0 0 -1 0 0 0 0 0 0 0 0 -1 0 -1 -1 0 -1 -1 0 0 -1 -1 0 -1 0 -1 -1 0 -1 -1 0 0 0 0 0 -1 -1 -1 0 -1 -1 -1 -1 0 0 0 0 0 0 0 -1 0 0 0 -1 -1 0 -1 0 -1 0 0 -1 -1 -1 0 -1 0 0 0 -1 0 0 -1 -1 0 0 0 0 -1 -1 0 0 0 0 0 -1 0 -1 0 -1 -1 -1 0 -1 0 0 -1 -1 0 -1 -1 -1 0 0 0 -1 -1 0 -1 0 -1 0 0 0 0 -1 0 -1 -1 -1 -1 0 -1 -1 -1 0
0 0 -1 0 -1 0 -1 -1 -1 -1 -1 0 -1 0 -1 -1 0 -1 -1 0 -1 0 0 0 0 0 0 0 0 -1 0 -1 0 -1 -1 0 0 0 0 0 0 -1 0 0 0 0 0 0 0 0 0 0 -1 0 0 0 -1 0 0 -1 -1 0 0 0 0 -1 -1 0 -1 0 -1 0 0 0 0 0 0 -1 0 0 0 -1 0 -1 -1 0 0 -1 -1 0 -1 -1 -1 -1 -1 0 -1 0 0 0 0 0 0 -1 -1 -1 0 0 0 0 -1 0 -1 -1 -1 0 0 0 -1 0 0 0 0 0 0 -1 0 0 0 -1 0 0 0 -1 0 0 0 0 -1 0 -1 0 0 0 0 0 -1 0 -1 -1
-1 0 0 -1 0 -1 -1 0 0 -1 0 -1 0 -1 -1 0 0 0 0 0 -1 -1 0 -1 -1 -1 0 0 -1 0 0 -1 0 0 0 0 0 -1 0 0 0 0 0 0 0 0 0 0 0 -1 -1 -1 -1 -1 -1 0 0 0 0 -1 0 0 -1 0 0 -1 -1 0 0 -1 -1 0 -1 -1 -1 0 0 -1 0 -1 0 0 -1 -1 0 0 0 -1 -1 0 0 0 -1 0 0 0 -1 -1 -1 0 -1 -1 0 0 -1 0 0 0 -1 -1 0 0 0 0 0 0 -1 0 -1 -1 -1 -1 -1 -1 0 -1 -1 -1 -1 -1 0 0 0 0 0 0 -1 0 0 -1 0 -1 -1 0 0 0 -1 0 0 0
-1 0 -1 -1 -1 -1 0 -1 0 0 0 0 -1 0 0 -1 0 0 -1 -1 0 -1 0 0 -1 -1 0 0 -1 0 -1 -1 -1 0 0 0 0 0 -1 0 0 -1 -1 0 -1 0 -1 0 0 0 0 0 0 0 -1 0 -1 -1 -1 -1 0 -1 -1 -1 0 -1 0 -1 -1 0 -1 0 -1 0 0 0 -1 0 -1 -1 0 -1 -1 0 -1 0 0 -1 -1 -1 0 -1 -1 -1 0 -1 -1 0 -1 -1 -1 0 0 0 -1 -1 0 0 0 -1 0 0 -1 0 -1 0 0 0 -1 -1 -1 -1 0 -1 0 -1 0 0 -1 -1 -1 0 -1 0 0 0 -1 0 0 -1 -1 0 0 0 0 0 -1 0 0 0
0 0 -1 0 0 -1 0 -1 0 0 0 -1 0 0 -1 -1 0 -1 0 0 0 -1 0 -1 -1 -1 -1 0 -1 -1 0 -1 -1 -1 0 0 -1 -1 -1 -1 0 -1 -1 0 0 0 0 0 -1 0 0 -1 -1 0 -1 -1 -1 -1 0 0 0 0 -1 0 0 -1 -1 -1 0 -1 0 -1 -1 0 -1 -1 0 0 0 0 0 0 -1 0 0 0 -1 -1 -1 0 -1 0 -1 0 0 0 -1 0 0 0 0 0 -1 0 0 0 0 0 -1 -1 -1 -1 0 0 0 0 0 0 0 -1 0 0 -1 0 -1 0 0 0 -1 -1 -1 0 0 -1 -1 0 0 0 0 -1 0 0 -1 0 0 -1 -1 0 0 0
0 -1 -1 0 -1 0 -1 0 0 0 0 0 0 -1 -1 0 -1 0 -1 -1 0 0 0 -1 0 0 -1 0 0 -1 0 0 -1 -1 0 0 0 0 -1 -1 -1 0 0 -1 0 0 0 -1 -1 0 0 -1 -1 0 0 0 0 -1 0 0 -1 0 0 0 0 -1 0 -1 0 0 -1 0 0 -1 0 -1 0 -1 0 -1 0 -1 -1 0 -1 0 0 0 0 -1 -1 -1 0 -1 -1 -1 0 -1 -1 -1 0 0 -1 0 0 -1 0 0 -1 -1 -1 0 -1 -1 -1 -1 0 0 0 0 0 -1 0 -1 -1 0 0 -1 0 0 0 0 -1 0 -1 0 0 0 0 0 -1 0 0 -1 0 0 0 -1 -1 0
0 0 0 -1 0 -1 -1 0 -1 0 -1 0 0 0 0 0 0 -1 0 -1 0 0 0 -1 0 -1 -1 0 -1 -1 0 -1 0 -1 0 -1 -1 0 0 -1 -1 0 0 0 0 -1 0 0 0 0 0 0 0 -1 -1 0 0 0 0 0 0 -1 -1 -1 0 0 0 0 0 0 0 -1 0 -1 -1 -1 0 0 -1 0 -1 0 -1 0 -1 0 -1 -1 0 0 -1 -1 0 0 0 0 -1 0 0 0 0 0 -1 0 0 -1 0 -1 0 0 0 0 0 0 0 -1 0 -1 -1 -1 0 0 0 0 0 0 0 -1 0 0 0 0 -1 0 -1 -1 -1 -1 0 0 -1 -1 0 0 0 0 -1 0 -1 0
-1 -1 -1 -1 -1 -1 -1 0 0 -1 0 -1 0 0 0 0 0 -1 -1 0 -1 -1 0 -1 0 0 0 0 -1 0 0 0 0 -1 0 -1 0 0 0 0 0 0 -1 0 0 0 -1 -1 -1 -1 0 -1 -1 -1 -1 0 0 -1 0 0 -1 -1 0 -1 0 -1 -1 0 0 0 0 0 0 -1 -1 0 0 0 0 -1 0 0 0 0 -1 0 0 0 -1 0 0 -1 0 0 0 0 0 0 0 0 0 0 -1 -1 -1 0 -1 -1 -1 0 -1 0 0 0 0 0 0 0 0 0 0 0 0 -1 0 -1 0 0 0 -1 -1 0 -1 0 -1 -1 -1 0 -1 0 0 -1 0 0 -1 -1 0 0 0 0
-1 0 0 0 -1 -1 0 0 0 0 -1 -1 0 0 0 -1 -1 -1 0 -1 -1 -1 0 -1 0 0 0 0 0 0 -1 -1 -1 -1 0 0 0 -1 0 0 -1 -1 0 0 0 -1 0 0 0 -1 0 -1 0 -1 -1 0 0 0 -1 0 0 0 0 0 -1 0 0 -1 -1 0 0 0 -1 -1 -1 -1 0 0 0 0 0 0 -1 0 -1 -1 -1 -1 0 -1 -1 -1 0 0 0 0 -1 0 0 0 -1 0 0 0 0 0 0 -1 0 -1 -1 -1 0 -1 0 0 -1 0 -1 -1 -1 -1 0 -1 -1 0 0 0 -1 0 0 0 -1 0 0 -1 0 0 -1 0 0 -1 0 -1 0 0 0 -1 -1 -1
-1 -1 0 0 0 -1 0 -1 0 -1 0 0 -1 0 0 0 -1 0 0 0 0 -1 0 0 0 0 0 0 -1 0 -1 0 0 0 0 0 -1 0 0 0 0 0 -1 -1 -1 -1 0 -1 0 0 -1 0 0 0 -1 0 -1 -1 0 0 -1 -1 0 0 -1 -1 -1 -1 -1 -1 -1 0 0 0 0 -1 0 0 -1 0 -1 0 -1 0 -1 0 0 -1 0 0 0 -1 -1 -1 0 -1 -1 0 0 -1 0 0 0 -1 0 0 0 0 0 0 0 0 -1 0 -1 0 -1 0 0 0 0 -1 -1 0 0 -1 0 0 0 -1 0 -1 0 0 0 0 -1 0 0 0 -1 0 0 0 0 0 0 -1 0 0
0 -1 0 -1 0 -1 0 0 0 -1 0 0 -1 0 -1 -1 0 0 0 -1 -1 0 -1 -1 0 -1 0 0 -1 0 0 0 0 -1 -1 -1 0 -1 0 0 -1 0 0 -1 -1 -1 0 -1 0 -1 0 -1 -1 0 -1 -1 0 0 -1 0 -1 0 0 -1 0 -1 -1 0 0 0 0 0 -1 0 0 -1 0 -1 -1 0 0 0 -1 0 0 0 -1 0 0 0 -1 0 0 0 0 0 0 0 0 -1 0 0 0 0 0 0 0 -1 0 0 0 0 -1 0 -1 0 0 0 -1 -1 0 0 -1 -1 -1 0 -1 -1 -1 0 -1 0 -1 0 -1 -1 0 -1 0 0 -1 -1 -1 0 0 -1 -1 -1 0 -1
-1 0 0 0 -1 -1 0 -1 0 0 0 0 -1 0 -1 0 0 0 0 0 -1 -1 -1 0 0 0 -1 0 0 -1 0 0 0 0 0 -1 0 -1 -1 0 -1 0 -1 0 0 0 -1 -1 -1 0 -1 -1 0 -1 -1 0 0 0 -1 -1 0 -1 -1 0 0 -1 0 0 -1 -1 0 0 -1 -1 -1 -1 -1 -1 0 0 -1 -1 0 -1 0 -1 0 -1 0 0 0 -1 -1 0 0 0 0 0 -1 -1 0 -1 0 0 -1 -1 0 -1 -1 -1 0 0 -1 0 -1 -1 0 -1 0 0 -1 -1 0 0 -1 -1 -1 0 -1 -1 -1 -1 0 0 -1 -1 -1 -1 -1 -1 0 -1 0 -1 0 0 -1 0 -1 -1
0 -1 0 0 -1 0 -1 -1 -1 -1 -1 0 0 0 0 0 -1 -1 -1 0 0 -1 0 0 0 0 0 -1 0 0 -1 -1 -1 0 0 0 0 -1 0 0 0 0 -1 0 0 0 -1 -1 0 -1 -1 -1 -1 -1 0 -1 -1 -1 0 -1 -1 0 0 0 -1 0 0 -1 0 0 0 0 0 0 0 0 0 -1 0 0 -1 0 -1 -1 -1 0 -1 -1 0 0 -1 -1 -1 0 -1 -1 0 0 0 0 0 -1 0 0 -1 0 0 0 0 0 0 -1 0 -1 -1 -1 -1 0 0 -1 0 -1 0 0 -1 -1 -1 0 -1 0 0 -1 -1 -1 -1 0 -1 0 -1 -1 -1 -1 -1 -1 0 0 0 0 0 -1
0 -1 -1 -1 -1 -1 0 -1 -1 -1 0 -1 -1 -1 -1 -1 -1 0 -1 -1 0 0 0 -1 0 0 -1 -1 -1 -1 0 0 -1 0 -1 0 -1 -1 0 0 -1 -1 0 -1 0 0 0 0 0 0 0 0 0 -1 0 0 0 0 0 -1 -1 0 -1 -1 -1 0 0 -1 0 -1 0 -1 0 0 0 -1 0 -1 -1 0 -1 -1 -1 0 0 0 0 -1 0 0 0 -1 -1 -1 0 0 -1 0 0 0 0 -1 0 0 0 0 -1 0 -1 -1 0 -1 0 0 0 0 -1 -1 -1 0 -1 -1 0 0 0 -1 0 0 0 0 -1 0 0 0 0 0 0 0 0 -1 0 -1 -1 0 0 -1 0 0 -1 0
-1 0 -1 0 0 0 0 0 -1 -1 -1 -1 -1 -1 0 -1 0 0 0 0 -1 0 -1 0 0 0 0 0 -1 -1 -1 0 0 0 0 0 0 -1 0 0 0 0 0 -1 0 0 0 0 0 -1 -1 0 -1 -1 0 0 0 -1 0 -1 0 -1 0 -1 0 -1 0 0 0 -1 0 -1 -1 -1 0 -1 -1 0 0 -1 -1 -1 -1 0 0 0 0 0 0 -1 0 -1 -1 0 0 -1 0 0 0 0 0 0 -1 -1 -1 -1 -1 0 -1 -1 0 -1 0 0 0 -1 -1 -1 0 -1 0 -1 0 0 0 0 -1 -1 -1 -1 0 -1 0 0 0 0 0 -1 -1 0 0 -1 -1 -1 -1 -1 0 0 0 0
0 -1 0 -1 0 0 -1 -1 0 -1 0 -1 0 -1 -1 -1 0 0 0 0 -1 0 -1 -1 0 -1 0 -1 -1 0 -1 0 0 -1 0 -1 -1 0 0 0 0 0 0 -1 0 0 -1 0 -1 0 -1 0 -1 0 0 0 -1 0 -1 0 0 -1 -1 -1 0 0 0 0 0 -1 0 0 0 -1 0 0 -1 0 0 0 -1 -1 -1 -1 -1 0 0 0 -1 0 -1 0 0 0 -1 0 -1 0 -1 0 -1 0 0 0 0 0 0 0 0 0 -1 -1 0 0 0 0 0 -1 -1 0 0 0 -1 0 -1 -1 -1 -1 0 -1 0 -1 0 -1 0 0 0 -1 0 0 -1 0 0 -1 -1 0 0 -1 0 -1
-1 -1 0 0 0 0 0 -1 0 0 0 0 0 -1 0 0 -1 0 -1 -1 0 0 -1 0 -1 0 0 0 0 0 0 0 0 -1 -1 -1 0 0 -1 0 -1 -1 -1 -1 0 0 0 -1 0 -1 0 0 0 0 -1 0 0 -1 0 -1 0 -1 -1 -1 0 -1 0 0 0 0 0 0 0 0 -1 0 -1 0 0 -1 0 -1 -1 0 0 0 -1 -1 0 -1 0 0 0 -1 0 0 0 0 0 0 -1 0 -1 0 -1 -1 0 0 -1 -1 -1 0 -1 0 0 0 -1 0 -1 -1 -1 0 -1 -1 -1 -1 -1 0 0 0 -1 0 0 0 0 -1 0 0 0 -1 -1 0 0 -1 0 0 -1 -1 0 -1
0 -1 -1 0 0 0 -1 0 -1 0 0 0 0 0 -1 -1 0 -1 0 0 -1 0 0 -1 -1 -1 0 0 -1 -1 0 0 0 0 0 0 0 -1 0 -1 -1 -1 0 0 -1 0 0 -1 0 0 0 -1 0 0 0 0 0 0 0 0 0 0 -1 -1 -1 0 0 0 -1 0 0 -1 0 -1 -1 -1 0 0 0 0 -1 -1 0 -1 0 0 0 0 0 0 -1 -1 0 -1 0 0 -1 -1 0 0 -1 -1 0 -1 -1 -1 -1 0 0 0 0 0 0 -1 0 -1 0 -1 -1 0 -1 0 0 0 0 0 0 -1 -1 0 0 0 -1 -1 0 0 0 -1 -1 0 0 -1 0 0 0 -1 -1 0 0 0
0 -1 -1 0 0 0 0 0 0 0 0 0 0 0 0 0 0 0 -1 -1 0 -1 -1 0 -1 0 0 0 0 0 -1 -1 -1 0 0 0 0 0 -1 0 0 -1 0 0 0 -1 -1 -1 -1 0 0 -1 0 0 -1 -1 0 -1 0 -1 0 -1 -1 -1 0 -1 -1 0 0 0 -1 -1 -1 0 -1 -1 0 -1 0 0 0 -1 0 0 -1 -1 -1 0 0 -1 0 0 0 -1 0 -1 0 0 0 0 -1 0 0 0 0 -1 -1 0 -1 -1 -1 0 0 0 0 0 0 0 0 -1 -1 -1 0 -1 0 -1 0 0 0 0 -1 -1 0 0 -1 -1 -1 0 0 0 -1 0 -1 0 0 -1 0 0 0 -1
0 0 -1 0 -1 0 -1 0 0 -1 0 -1 -1 -1 0 -1 0 -1 0 -1 0 0 0 0 -1 -1 0 0 0 0 -1 0 0 0 0 0 -1 0 -1 -1 -1 0 0 0 -1 0 0 0 0 -1 0 -1 0 -1 -1 0 0 -1 0 0 -1 -1 0 -1 0 0 -1 -1 -1 0 0 -1 0 0 0 0 0 0 -1 -1 0 0 -1 0 -1 -1 0 0 0 -1 0 0 0 0 0 0 -1 0 -1 -1 -1 -1 0 -1 0 0 -1 0 0 0 0 0 0 0 0 0 0 -1 0 -1 0 0 0 0 -1 -1 0 0 -1 -1 0 0 0 0 0 0 0 0 0 -1 -1 0 -1 0 -1 0 0 0 0 0
-1 0 -1 0 -1 -1 0 -1 0 0 0 0 0 0 0 0 0 0 -1 0 -1 0 -1 0 0 0 0 -1 -1 0 0 0 0 0 -1 0 0 0 0 0 -1 -1 0 0 0 0 0 -1 0 0 -1 0 -1 0 -1 0 0 -1 -1 -1 0 -1 0 -1 0 -1 0 0 0 -1 -1 -1 0 0 -1 -1 -1 0 0 0 -1 -1 -1 -1 0 -1 0 0 -1 -1 0 0 -1 -1 -1 0 0 0 0 0 0 0 -1 0 0 0 -1 -1 -1 0 0 -1 0 0 -1 0 0 0 0 0 0 0 0 0 0 0 0 -1 -1 0 0 0 0 -1 -1 0 -1 0 -1 -1 0 -1 -1 0 -1 0 -1 0 -1 -1
-1 0 -1 0 0 -1 -1 0 -1 0 0 -1 0 0 0 0 -1 0 0 0 0 0 0 0 0 -1 -1 -1 -1 -1 0 0 -1 -1 -1 0 -1 0 -1 0 0 0 -1 0 0 -1 0 -1 -1 -1 0 0 0 -1 0 0 -1 0 -1 0 0 -1 0 0 -1 -1 -1 0 -1 -1 -1 0 0 -1 0 0 -1 -1 -1 0 -1 0 0 -1 0 -1 -1 0 0 -1 0 0 -1 0 -1 0 -1 -1 0 0 0 -1 0 -1 -1 -1 -1 0 0 -1 -1 -1 0 0 0 0 0 0 0 -1 0 0 -1 -1 0 -1 -1 0 -1 -1 0 -1 0 0 0 0 0 0 0 0 0 -1 0 0 0 0 0 0 -1 0
-1 0 -1 0 -1 -1 0 -1 -1 -1 0 0 -1 -1 0 -1 0 -1 0 0 0 -1 -1 0 0 -1 0 0 -1 0 -1 -1 0 0 -1 0 -1 -1 0 0 0 0 0 0 -1 -1 0 -1 0 0 0 -1 0 0 -1 -1 0 0 0 0 0 -1 0 -1 -1 -1 0 0 0 -1 0 0 -1 0 -1 -1 0 -1 -1 0 -1 -1 0 0 0 0 -1 -1 0 -1 0 0 0 -1 0 -1 0 -1 -1 0 0 -1 -1 -1 0 0 0 0 0 -1 -1 0 0 -1 0 0 -1 -1 -1 -1 -1 -1 0 0 0 0 0 0 0 0 0 -1 -1 0 0 -1 -1 -1 0 -1 0 0 0 0 -1 -1 0 0 0 -1
0 0 -1 -1 -1 -1 0 -1 0 0 -1 -1 0 0 -1 -1 0 -1 0 0 0 -1 0 -1 0 0 -1 0 0 -1 -1 -1 0 0 0 -1 0 -1 -1 0 0 0 0 -1 -1 0 -1 -1 0 0 -1 0 -1 -1 -1 0 -1 0 0 -1 -1 -1 0 0 0 0 0 0 0 0 -1 -1 0 0 -1 0 0 -1 0 0 -1 0 -1 -1 -1 -1 0 -1 -1 -1 0 -1 0 0 0 -1 0 0 0 -1 0 0 -1 -1 0 -1 -1 0 -1 -1 0 0 0 0 0 0 -1 -1 0 0 0 -1 -1 0 -1 -1 -1 -1 -1 -1 0 -1 -1 0 0 0 0 0 0 -1 -1 -1 0 -1 -1 0 0 0 -1 0
0 -1 0 0 -1 -1 0 -1 0 0 -1 0 -1 -1 0 -1 0 0 0 0 -1 -1 0 -1 0 0 0 -1 0 0 -1 0 -1 0 0 0 0 -1 0 -1 -1 0 -1 -1 0 0 0 -1 -1 0 0 -1 -1 -1 0 0 -1 0 0 -1 0 0 0 -1 -1 -1 0 0 -1 -1 -1 -1 0 -1 0 -1 0 -1 -1 -1 -1 0 0 -1 0 -1 -1 -1 -1 0 -1 -1 0 0 0 0 0 0 -1 0 0 -1 0 -1 -1 -1 -1 0 0 -1 -1 0 0 -1 -1 0 -1 0 0 0 0 0 -1 0 -1 -1 0 0 0 -1 0 0 0 -1 0 0 0 -1 -1 0 0 -1 -1 -1 0 -1 0 0 0 0
0 -1 0 0 -1 0 -1 0 0 -1 0 -1 0 -1 -1 -1 -1 0 0 0 0 0 -1 -1 -1 -1 -1 0 -1 0 0 -1 0 0 0 0 -1 -1 -1 0 0 0 -1 0 -1 -1 0 0 0 -1 0 0 -1 -1 -1 -1 -1 -1 -1 0 0 -1 0 0 -1 -1 0 0 0 0 0 -1 0 0 0 0 -1 -1 -1 0 -1 0 0 -1 0 0 -1 0 -1 -1 -1 -1 -1 0 0 -1 -1 0 0 -1 0 0 -1 -1 -1 -1 0 -1 0 -1 -1 -1 0 0 0 -1 -1 0 -1 0 -1 0 -1 -1 0 -1 0 0 0 0 0 -1 0 0 -1 0 0 -1 -1 -1 0 0 0 -1 -1 -1 0 -1 -1 0
0 -1 -1 -1 0 0 0 -1 0 -1 0 0 0 0 0 -1 -1 0 -1 -1 -1 0 0 0 0 -1 -1 -1 0 0 -1 0 0 -1 -1 -1 -1 0 0 0 -1 -1 0 -1 -1 0 0 -1 0 -1 0 -1 0 -1 -1 0 -1 0 0 0 0 -1 -1 -1 0 0 -1 0 -1 0 -1 0 0 -1 -1 0 0 -1 -1 0 0 -1 -1 0 0 0 -1 -1 -1 0 -1 -1 -1 0 0 0 0 -1 -1 -1 0 -1 0 0 0 0 -1 0 -1 -1 0 0 0 -1 -1 -1 0 -1 0 0 0 -1 0 0 0 -1 -1 0 -1 -1 0 0 0 -1 0 0 0 0 -1 0 -1 -1 0 -1 -1 0 0 0 0 0
0 0 -1 0 0 0 0 -1 0 0 0 -1 0 0 -1 -1 0 -1 0 0 0 -1 0 0 -1 0 0 -1 -1 0 0 -1 0 -1 -1 0 -1 0 0 0 0 0 0 0 0 0 -1 0 -1 0 -1 0 0 0 -1 0 0 0 0 -1 0 -1 -1 -1 0 -1 0 0 -1 -1 0 0 -1 0 0 0 0 -1 0 0 0 0 0 0 -1 0 0 -1 -1 -1 -1 0 -1 -1 0 0 0 0 0 0 0 0 0 -1 -1 0 -1 -1 0 0 0 0 -1 -1 0 -1 0 0 0 -1 0 0 -1 0 -1 -1 0 0 0 0 0 0 -1 -1 -1 -1 0 0 0 0 0 0 0 -1 0 -1 -1 0 0 0
0 0 0 0 -1 -1 0 -1 -1 -1 -1 0 0 0 0 0 0 -1 0 -1 0 0 0 -1 0 -1 0 0 0 0 -1 0 0 -1 -1 0 0 0 0 -1 0 0 -1 0 0 0 0 -1 0 0 0 0 -1 0 -1 -1 0 -1 -1 -1 0 -1 0 0 -1 -1 -1 0 0 -1 -1 -1 -1 0 -1 -1 -1 0 -1 0 0 0 0 -1 0 0 0 0 -1 0 0 0 -1 -1 0 0 -1 -1 -1 0 0 -1 -1 -1 0 -1 0 0 0 0 -1 -1 0 -1 0 0 0 -1 0 0 0 0 -1 0 -1 0 0 0 0 0 0 -1 0 -1 -1 -1 0 0 0 -1 0 0 0 0 -1 0 0 -1 0 -1
0 0 0 -1 -1 0 0 -1 0 0 0 0 0 0 0 -1 0 -1 0 0 -1 0 0 -1 -1 0 -1 -1 0 0 -1 -1 0 0 0 -1 0 -1 -1 0 0 0 0 0 0 0 -1 -1 -1 0 -1 -1 -1 -1 -1 0 0 0 -1 0 0 0 0 0 0 0 0 -1 0 -1 0 0 0 -1 0 -1 0 0 0 0 0 -1 0 0 0 -1 -1 0 0 -1 0 -1 -1 -1 -1 0 0 0 -1 0 0 0 -1 0 -1 0 -1 0 0 -1 0 0 0 -1 0 -1 0 0 0 0 0 0 -1 -1 0 -1 0 0 -1 0 -1 0 0 -1 0 -1 -1 0 0 0 -1 0 0 0 -1 0 -1 0 -1 0
0 0 -1 -1 -1 -1 0 -1 0 0 0 -1 0 -1 0 -1 -1 0 0 0 -1 0 0 0 0 0 -1 -1 -1 -1 0 -1 -1 0 0 -1 0 -1 -1 0 0 -1 -1 0 -1 -1 0 -1 0 0 -1 0 0 0 0 0 0 0 0 0 0 0 0 -1 -1 -1 -1 -1 0 0 -1 0 0 0 0 0 -1 0 -1 0 -1 0 -1 0 -1 0 0 0 -1 -1 -1 0 0 0 -1 0 0 -1 -1 -1 0 0 0 -1 -1 0 -1 -1 0 -1 -1 -1 0 -1 0 0 0 -1 0 -1 0 0 0 -1 0 0 0 0 -1 -1 0 -1 0 0 0 -1 0 -1 0 -1 -1 0 -1 -1 0 0 0 -1 -1 0
-1 -1 0 0 0 0 0 0 -1 0 -1 -1 -1 0 -1 0 0 0 0 -1 -1 -1 0 0 -1 -1 0 -1 0 0 -1 0 -1 0 0 0 -1 -1 -1 0 -1 -1 0 -1 0 0 -1 0 -1 -1 0 0 0 0 0 0 -1 -1 0 -1 -1 0 -1 -1 -1 -1 -1 0 0 0 -1 -1 0 0 0 0 -1 0 0 0 -1 0 0 0 -1 -1 0 0 0 -1 0 0 -1 0 0 0 0 -1 0 -1 0 0 0 0 -1 -1 0 0 -1 -1 0 -1 -1 -1 -1 0 0 -1 0 0 0 0 -1 -1 -1 -1 0 -1 0 0 0 0 0 0 0 -1 0 0 0 -1 0 0 0 -1 -1 -1 0 0 0 0
-1 -1 -1 0 0 0 0 0 -1 0 0 0 0 -1 0 -1 -1 0 0 0 -1 0 0 -1 0 0 0 -1 0 -1 0 -1 0 -1 0 -1 -1 -1 -1 -1 0 -1 -1 0 0 -1 -1 0 -1 -1 0 -1 0 0 0 0 -1 0 0 -1 0 -1 0 -1 -1 -1 0 -1 0 0 0 -1 -1 0 0 0 0 0 0 0 0 0 0 0 0 0 0 0 0 0 0 0 -1 0 0 -1 0 0 0 0 0 -1 0 0 -1 0 0 0 -1 -1 0 -1 -1 -1 0 -1 0 0 0 -1 0 -1 0 0 0 -1 -1 0 -1 -1 0 0 0 0 -1 0 -1 0 0 0 -1 -1 0 -1 -1 0 0 -1 0 0
-1 -1 -1 0 -1 0 0 0 0 -1 -1 0 0 0 0 0 0 0 0 0 0 0 0 -1 0 0 -1 -1 0 0 0 -1 0 0 -1 0 0 -1 0 -1 -1 0 0 0 0 0 0 0 0 0 -1 -1 0 0 -1 0 0 0 -1 0 0 -1 -1 0 -1 0 0 -1 0 0 0 0 -1 0 0 0 0 0 0 -1 -1 -1 0 0 0 -1 0 0 -1 -1 0 0 -1 0 -1 0 0 -1 0 0 0 0 0 0 0 0 -1 0 0 0 -1 0 0 -1 -1 0 -1 0 -1 0 0 0 -1 0 -1 0 0 -1 0 -1 -1 0 -1 0 0 -1 -1 -1 0 0 -1 0 0 0 -1 0 -1 0 0 0
-1 -1 0 0 -1 0 0 0 0 -1 0 0 -1 0 0 0 -1 -1 -1 0 0 -1 -1 0 0 -1 0 -1 0 0 0 -1 0 -1 -1 -1 0 0 -1 -1 0 -1 0 -1 -1 -1 -1 0 -1 0 0 -1 -1 0 0 0 0 0 -1 -1 0 -1 -1 -1 -1 0 -1 -1 -1 0 -1 0 -1 -1 0 -1 -1 -1 -1 0 0 0 0 0 -1 0 0 -1 -1 0 -1 0 0 -1 0 0 0 0 -1 0 0 0 0 -1 -1 -1 0 -1 -1 0 0 -1 0 -1 0 -1 -1 -1 0 0 -1 -1 -1 -1 0 0 -1 -1 0 -1 0 -1 0 -1 0 -1 0 -1 0 0 0 -1 0 0 -1 -1 0 -1 -1 0
-1 -1 -1 0 0 0 -1 -1 -1 0 -1 0 0 0 0 0 -1 0 -1 0 -1 0 0 0 -1 -1 -1 0 0 0 0 0 0 -1 0 0 0 0 0 0 0 0 0 -1 -1 -1 -1 0 0 0 0 0 0 -1 0 0 -1 0 -1 0 0 0 0 0 0 0 -1 -1 -1 0 -1 0 -1 0 -1 -1 0 0 -1 -1 0 0 0 0 -1 0 -1 -1 0 0 0 0 -1 0 0 -1 0 -1 -1 -1 0 0 0 0 -1 0 0 -1 -1 -1 -1 -1 0 -1 -1 0 -1 0 0 0 -1 0 0 -1 -1 -1 0 0 -1 0 0 -1 -1 0 -1 0 -1 0 0 0 0 0 -1 0 0 0 0 -1 0 -1
-1 0 0 0 -1 0 -1 -1 0 -1 -1 -1 0 -1 0 0 0 0 -1 -1 0 -1 -1 0 0 -1 -1 0 -1 0 0 -1 0 0 0 0 -1 0 0 0 0 -1 0 0 -1 0 -1 0 0 0 0 -1 0 0 0 0 0 0 0 0 0 0 0 -1 -1 0 -1 -1 -1 0 0 0 0 0 0 -1 -1 0 -1 -1 -1 -1 -1 0 0 0 0 -1 0 -1 0 -1 0 0 -1 -1 0 -1 0 -1 -1 0 0 0 -1 0 -1 0 0 -1 -1 -1 0 0 0 0 -1 -1 -1 -1 0 0 0 0 -1 0 0 -1 0 -1 0 0 -1 0 0 -1 -1 -1 -1 -1 0 -1 -1 0 0 0 -1 -1 0 0
-1 0 0 -1 0 -1 -1 0 -1 0 0 -1 -1 0 0 0 0 0 0 -1 0 0 0 0 -1 0 -1 0 0 0 0 0 0 0 0 -1 0 0 -1 -1 0 0 0 0 0 -1 0 0 -1 -1 -1 0 -1 0 0 -1 0 -1 -1 0 -1 -1 -1 0 0 0 0 -1 0 0 0 -1 0 0 0 -1 0 0 0 -1 0 0 0 -1 0 0 0 0 -1 0 0 0 -1 0 -1 0 0 0 0 0 -1 0 0 -1 -1 0 0 0 0 -1 -1 -1 0 -1 0 0 -1 0 0 -1 -1 0 -1 0 0 -1 -1 0 -1 -1 0 -1 0 0 0 -1 0 0 0 -1 -1 0 -1 0 0 0 -1 0 0 0
0 -1 0 0 -1 0 0 0 0 -1 -1 0 -1 0 0 0 -1 0 -1 -1 -1 0 -1 -1 0 -1 0 0 0 0 -1 0 0 0 0 0 -1 -1 -1 0 0 0 0 -1 0 0 0 -1 0 -1 -1 0 0 -1 0 -1 0 0 0 0 0 -1 0 0 0 -1 -1 0 -1 -1 -1 0 0 -1 0 0 -1 0 0 0 0 -1 -1 -1 0 -1 0 0 -1 -1 0 0 -1 0 0 -1 -1 -1 -1 0 -1 -1 -1 0 0 -1 -1 -1 -1 -1 0 0 0 0 0 -1 0 -1 -1 0 0 -1 -1 -1 0 0 0 0 -1 0 0 -1 0 0 0 0 0 -1 -1 0 0 0 0 -1 -1 -1 0 -1 -1 -1
150
2 0 9 0 7 0 0 0 0 5 0 0 -7 0 3 0 0 0 -8 0 9 0 0 0 5 0 -5 0 0 -2 0 0 -1 -3 0 -3 0 0 0 0 0 -6 3 1 8 0 -6 0 2 2 0 0 -2 0 0 0 4 10 6 0 5 0 -10 1 -6 -6 0 0 4 0 0 6 -8 3 0 0 -3 -8 0 6 6 -5 0 0 0 0 -5 0 0 -7 0 -1 -8 0 0 0 -5 3 0 0 0 0 0 -1 0 0 -5 0 0 0 0 0 0 0 0 0 7 0 0 0 6 -10 0 8 0 9 0 0 0 0 0 4 0 5 -10 2 0 0 -5 0 7 -8 0 10 0 0 0 0 0 0 