100
100
0 -1 0 -1 0 -1 0 -1 -1 -1 -1 -1 -1 0 -1 -1 0 0 -3 -1 -1 -1 0 -1 -1 -1 -1 0 -1 -1 -1 0 -1 0 -1 0 -1 -1 0 0 -1 -1 -1 -1 0 -1 0 -1 -1 -1 0 0 0 -1 -1 -1 -1 -1 0 0 0 0 -1 -1 -1 -1 -1 0 0 0 -1 -1 -1 0 0 -1 -1 -1 -1 0 -1 -1 -1 -1 -1 0 -1 -1 -1 0 -1 -1 -1 -1 -1 -1 -1 0 0 -1
-1 0 -1 -1 -1 -1 0 0 0 0 0 -1 -1 0 -1 -1 -1 -1 -1 -1 0 0 0 0 -1 0 0 0 0 -1 -1 0 -1 -1 -1 -1 0 0 0 -1 -1 0 0 -1 -1 -1 -1 -1 -1 -1 -1 -1 -1 -1 0 0 -1 -1 -1 -1 -1 0 -1 0 -1 -1 0 -1 0 -1 -1 0 -1 -1 -1 -1 -1 0 -1 0 0 -1 -1 0 -1 -1 -1 0 -1 -1 0 -1 -1 -1 -1 -1 -1 -1 0 -1
0 0 -1 0 0 -1 -1 0 -1 0 0 -1 0 0 -1 -1 0 -1 -1 -1 -1 -1 -1 -1 -1 -1 0 0 0 -1 -1 -1 0 -1 -1 -1 -1 -1 -1 0 -1 -1 -1 -1 -1 -1 0 -1 -1 0 -1 -1 -1 -1 -1 -1 -1 -1 -1 0 -1 0 -1 -1 -1 -1 -1 0 -1 -1 -1 -1 -1 -1 -1 0 -1 -1 0 -1 -1 0 -1 -1 0 0 -1 -1 0 0 -1 -1 -1 -1 0 -1 -1 -1 -1 0
-1 -1 0 0 -1 0 0 0 -1 0 0 -1 0 -1 0 -1 -1 -1 0 -1 -1 -1 0 -1 -1 -1 -1 -1 -1 -1 0 -1 -1 -1 -1 -1 -1 -1 -1 -1 0 -1 -1 0 -1 -1 -1 0 -1 -1 -1 -1 -1 -1 0 -1 -1 -1 -1 -1 -1 -1 -1 -1 -1 0 0 -1 -1 -1 -1 -1 0 -1 -1 -1 -1 -1 -1 -1 -1 -1 -1 -1 -1 -1 0 0 -1 0 0 -1 -1 0 -1 -1 -1 -1 -1 -1
-1 0 -1 -1 -1 -1 0 -1 -1 -1 0 -1 -1 0 -1 0 -1 -1 -1 -1 0 -1 -1 -1 0 0 0 0 -1 -1 -1 -1 -1 -1 -1 0 -1 -1 -1 0 -1 -1 -1 0 -1 -1 -1 -1 -1 -1 0 -1 0 -1 -1 -1 -1 0 0 -1 0 -1 -1 -1 -1 -1 -1 0 -1 -1 -1 -1 -1 0 -1 -1 0 -1 0 -1 0 -1 0 -1 0 -1 -1 -1 -1 -1 -1 0 -1 -1 0 -1 -1 0 -1 0
0 -1 -1 0 -1 -1 0 -1 -1 0 -1 -1 -1 -1 -1 -1 -1 -1 -1 0 -1 -1 0 -1 -1 -1 -1 -1 0 0 -1 -1 -1 -1 0 -1 -1 -1 -1 -1 -1 0 0 -1 -1 -1 -1 0 -1 -1 -1 0 -1 -1 0 -1 0 -1 -1 -1 -1 -1 0 -1 -1 0 -1 0 -1 0 -1 -1 -1 -1 -1 -1 -1 -1 -1 -1 0 0 -1 -1 -1 0 -1 0 -1 -1 -1 0 -1 -1 0 0 0 0 0 -1
0 -1 -1 -1 -1 -1 -1 -1 -1 0 -1 0 0 -1 -1 -1 -1 -1 -1 0 0 -1 -1 0 -1 -1 -1 0 -1 -1 0 0 -1 -1 -1 0 -1 0 0 -1 -1 -1 -1 -1 -1 -1 0 0 0 -1 -1 0 0 -1 -1 0 0 0 -1 0 0 0 -1 0 -1 -1 -1 -1 0 -1 0 -1 -1 -1 -1 -1 -1 -1 0 0 -1 0 -1 -1 0 -1 -1 -1 0 0 -1 -1 -1 0 0 -1 -1 0 -1 0
-1 -1 0 -1 -1 -1 -1 0 0 0 -1 -1 0 0 0 -1 0 -1 -1 0 0 -1 -1 -1 0 -1 -1 -1 0 -1 -1 -1 -1 -1 0 -1 -1 0 0 -1 -1 -1 0 -1 0 -1 -1 -1 0 -1 0 -1 -1 -1 0 -1 0 -1 -1 -1 -1 0 -1 0 -1 0 -1 -1 -1 -1 0 -1 -1 0 0 -1 0 0 0 -1 -1 0 0 -1 -1 -1 -1 -1 0 -1 -1 0 -1 0 -1 0 -1 -1 0 0
-1 -1 -1 -1 0 0 -1 -1 -1 -1 -1 0 -1 -1 -1 -1 0 -1 -1 -1 0 -1 -1 -1 -1 -1 -1 0 0 -1 -1 -1 0 -1 0 0 -1 -1 0 -1 -1 0 0 -1 0 -1 -1 -1 -1 -1 -1 -1 0 -1 0 -1 0 -1 -1 -1 -1 -1 -1 -1 -1 -1 -1 -1 0 -1 -1 -1 -1 0 -1 -1 0 -1 -1 -1 -1 -1 -1 0 -1 -1 -1 0 -1 -1 0 -1 -1 0 -1 -1 -1 -1 0 0
-1 -1 0 -1 -1 0 -1 0 0 -1 0 0 -1 -1 0 -1 -1 0 -1 -1 -1 0 -1 -1 0 -1 0 -1 -1 -1 -1 0 -1 -1 -1 -1 -1 -1 -1 -1 -1 0 0 -1 -1 -1 -1 -1 -1 0 -1 -1 -1 0 0 -1 -1 -1 0 -1 0 -1 0 0 0 -1 -1 0 -1 -1 0 -1 0 -1 -1 0 0 0 -1 -1 0 -1 0 -1 0 0 -1 -1 0 0 -1 0 0 -1 0 -1 -1 -1 -1 0
-1 -1 -1 -1 -1 -1 -1 0 -1 -1 0 -1 -1 -1 -1 -1 -1 0 -1 -1 -1 0 -1 0 -1 0 0 -1 -1 -1 -1 -1 -1 -1 -1 0 -1 -1 0 -1 -1 -1 -1 -1 -1 -1 -1 -1 -1 -1 -1 0 0 -1 0 0 -1 -1 -1 -1 -1 -1 -1 0 -1 0 -1 -1 -1 -1 -1 -1 -1 -1 -1 -1 -1 -1 -1 0 -1 -1 -1 -1 -1 0 -1 0 0 0 -1 0 -1 -1 0 -1 -1 0 -1 -1
0 -1 -1 0 -1 -1 -1 -1 0 0 -1 -1 -1 -1 -1 -1 -1 0 0 -1 -1 -1 0 0 -1 -1 0 0 -1 -1 -1 -1 0 -1 0 -1 0 0 -1 -1 0 0 -1 0 -1 -1 -1 0 0 0 -1 -1 0 -1 -1 0 0 -1 0 -1 0 -1 -1 -1 0 0 0 -1 0 -1 -1 0 -1 -1 -1 -1 0 -1 -1 -1 -1 0 -1 -1 0 -1 0 -1 0 -1 0 -1 -1 -1 0 0 -1 0 -1 -1
-1 0 -1 -1 0 -1 -1 -1 -1 -1 -1 -1 -1 -1 -1 -1 -1 -1 0 0 -1 -1 0 -1 -1 0 -1 -1 -1 -1 0 -1 -1 -1 -1 -1 -1 -1 -1 -1 -1 0 0 -1 -1 0 -1 0 -1 0 0 -1 -1 -1 -1 -1 -1 0 -1 -1 -1 -1 -1 -1 -1 -1 0 -1 -1 -1 -1 -1 0 -1 -1 -1 -1 -1 -1 0 -1 -1 -1 0 -1 -1 0 -1 -1 -1 -1 -1 0 -1 -1 -1 -1 -1 -1 0
0 -1 -1 -1 -1 -1 0 0 0 -1 -1 -1 -1 -1 0 0 0 -1 0 -1 -1 -1 -1 0 -1 0 -1 -1 -1 -1 -1 0 -1 0 0 -1 0 -1 -1 -1 -1 -1 -1 0 -1 -1 0 -1 0 -1 0 -1 -1 0 -1 -1 0 -1 -1 0 -1 -1 -1 0 0 -1 -1 -1 -1 -1 -1 -1 -1 0 0 -1 -1 -1 0 -1 -1 -1 -1 -1 -1 -1 -1 -1 -1 -1 0 -1 -1 0 0 0 -1 -1 -1 -1
0 -1 -1 -1 -1 -1 -1 0 -1 -1 -1 0 -1 -1 0 -1 -1 -1 0 -1 -1 0 -1 -1 -1 -1 -1 0 -1 0 0 -1 -1 0 -1 0 -1 -1 -1 -1 0 -1 -1 0 -1 0 0 0 -1 -1 0 -1 -1 -1 0 -1 -1 -1 0 -1 -1 -1 -1 -1 0 -1 -1 -1 0 -1 -1 0 -1 -1 -1 -1 -1 -1 -1 -1 0 0 -1 -1 -1 -1 -1 -1 0 -1 -1 -1 0 0 0 0 -1 -1 -1 -1
0 -1 -1 -1 -1 -1 -1 -1 0 -1 0 0 0 -1 0 -1 -1 -1 0 0 -1 -1 -1 -1 -1 0 0 -1 -1 -1 -1 0 -1 -1 -1 0 -1 0 -1 -1 0 0 -1 -1 -1 -1 -1 -1 -1 -1 -1 0 -1 -1 0 0 0 -1 -1 -1 -1 -1 -1 0 -1 -1 -1 0 -1 -1 -1 -1 -1 -1 -1 -1 0 0 0 -1 0 -1 -1 -1 0 0 -1 0 -1 0 0 0 -1 -1 -1 -1 -1 -1 -1 -1
0 0 0 0 0 -1 0 0 -1 0 -1 -1 -1 0 -1 -1 0 0 -1 -1 -1 -1 0 -1 -1 -1 0 -1 -1 -1 -1 -1 -1 0 0 -1 -1 0 -1 0 -1 -1 -1 -1 -1 -1 -1 0 -1 -1 0 0 0 -1 -1 -1 -1 -1 0 -1 -1 0 0 -1 -1 0 -1 0 -1 -1 -1 0 -1 -1 0 0 -1 -1 0 -1 0 -1 -1 -1 -1 -1 0 -1 0 -1 -1 -1 -1 -1 -1 -1 -1 -1 -1 -1
-1 -1 -1 -1 -1 -1 0 0 -1 0 0 0 -1 0 0 -1 -1 -1 0 0 -1 -1 -1 -1 -1 0 -1 -1 -1 -1 -1 -1 -1 -1 -1 -1 0 -1 -1 0 -1 -1 -1 -1 0 -1 -1 -1 -1 0 -1 0 0 -1 0 -1 -1 -1 -1 0 -1 -1 -1 0 0 -1 -1 -1 -1 -1 -1 0 -1 -1 -1 -1 0 -1 0 -1 -1 0 -1 0 0 0 -1 -1 0 -1 -1 0 0 -1 -1 -1 0 -1 -1 -1
-1 -1 0 0 0 -1 -1 -1 -1 -1 -1 -1 0 -1 -1 0 0 0 -1 -1 0 0 -1 0 -1 0 -1 -1 -1 -1 0 -1 -1 -1 -1 -1 -1 -1 0 0 -1 -1 0 0 0 -1 -1 0 -1 -1 0 -1 -1 -1 -1 -1 -1 -1 -1 -1 -1 -1 -1 -1 -1 0 -1 -1 0 -1 0 -1 -1 -1 -1 0 -1 -1 -1 0 -1 -1 0 -1 -1 0 0 -1 -1 -1 -1 -1 -1 -1 -1 0 -1 -1 -1 -1
-1 0 -1 0 0 -1 -1 0 -1 0 -1 -1 -1 -1 0 -1 -1 0 -1 -1 0 0 0 0 0 -1 -1 0 -1 -1 -1 -1 -1 -1 -1 -1 -1 -1 -1 -1 -1 -1 -1 0 0 -1 -1 -1 -1 -1 0 -1 0 -1 -1 -1 0 -1 -1 -1 -1 -1 0 0 -1 0 -1 -1 0 0 -1 -1 -1 0 -1 -1 0 -1 -1 -1 0 -1 -1 -1 -1 -1 -1 -1 -1 -1 -1 -1 -1 -1 -1 0 -1 -1 -1 -1
0 -1 -1 -1 -1 -1 -1 -1 -1 0 -1 0 0 -1 -1 -1 0 -1 -1 -1 0 -1 -1 -1 0 -1 0 -1 0 -1 -1 0 -1 0 0 -1 0 -1 -1 -1 -1 0 -1 -1 0 -1 -1 -1 -1 -1 0 0 -1 0 0 -1 -1 0 0 -1 -1 -1 0 -1 -1 -1 0 0 -1 -1 0 -1 -1 -1 0 -1 -1 0 -1 0 -1 0 -1 0 0 -1 -1 -1 -1 -1 -1 0 -1 -1 0 -1 0 -1 -1 -1
-1 -1 -1 0 -1 0 -1 -1 0 0 -1 -1 -1 0 -1 -1 0 -1 -1 0 -1 -1 -1 -1 -1 -1 -1 -1 -1 -1 0 -1 -1 -1 -1 -1 -1 -1 -1 -1 -1 0 0 -1 -1 -1 -1 -1 -1 -1 -1 -1 -1 0 -1 0 -1 -1 0 -1 0 -1 -1 -1 -1 0 0 -1 -1 -1 0 -1 0 -1 0 -1 0 -1 -1 -1 -1 -1 -1 -1 -1 -1 -1 -1 -1 -1 -1 -1 -1 0 -1 -1 0 -1 0 0
-1 -1 0 0 0 0 -1 0 -1 -1 -1 -1 0 -1 0 -1 -1 -1 -1 -1 -1 -1 -1 -1 -1 -1 0 -1 0 -1 -1 -1 0 -1 -1 0 -1 -1 -1 -1 -1 0 -1 0 0 -1 -1 -1 -1 -1 -1 -1 0 -1 -1 -1 -1 -1 -1 -1 -1 -1 -1 -1 0 0 0 -1 0 -1 -1 0 0 -1 -1 0 -1 -1 -1 -1 -1 0 -1 0 0 -1 -1 -1 -1 -1 -1 -1 0 0 0 -1 -1 0 -1 -1
0 0 0 -1 -1 -1 -1 -1 -1 -1 -1 -1 0 0 -1 -1 0 -1 -1 0 -1 -1 -1 -1 -1 -1 -1 0 -1 0 -1 -1 -1 -1 -1 -1 -1 -1 0 -1 0 0 -1 -1 -1 0 -1 -1 -1 -1 -1 -1 -1 -1 0 -1 -1 0 -1 -1 -1 -1 -1 0 -1 0 -1 -1 -1 0 0 0 0 -1 -1 -1 -1 -1 -1 -1 -1 0 -1 -1 0 0 -1 -1 -1 -1 -1 -1 -1 -1 -1 -1 0 0 -1 0
0 -1 -1 -1 -1 -1 -1 -1 -1 0 -1 -1 -1 -1 -1 -1 -1 -1 -1 -1 -1 0 -1 0 0 -1 -1 -1 0 -1 -1 -1 -1 0 -1 -1 -1 -1 -1 0 -1 -1 -1 0 -1 -1 0 -1 -1 -1 0 -1 -1 -1 -1 -1 -1 0 0 -1 -1 0 -1 -1 0 -1 -1 0 0 0 -1 0 -1 0 -1 -1 -1 -1 0 -1 -1 0 0 -1 0 -1 0 0 -1 -1 -1 0 0 -1 0 -1 -1 -1 0 -1
-1 -1 -1 0 -1 -1 -1 0 0 -1 -1 -1 0 0 -1 -1 -1 -1 -1 -1 0 -1 0 -1 -1 -1 -1 0 0 -1 0 -1 -1 0 -1 -1 -1 -1 -1 -1 0 0 -1 -1 -1 -1 -1 -1 -1 -1 0 -1 -1 -1 -1 0 0 -1 -1 -1 -1 -1 -1 0 -1 -1 0 -1 -1 -1 -1 -1 -1 -1 -1 -1 -1 -1 -1 0 -1 -1 -1 -1 -1 -1 -1 -1 0 -1 -1 -1 0 0 -1 -1 0 0 0 -1
-1 -1 -1 -1 0 -1 -1 0 -1 -1 -1 -1 0 -1 -1 0 -1 -1 0 -1 -1 -1 0 -1 0 -1 -1 -1 -1 0 -1 -1 0 -1 -1 -1 0 -1 -1 -1 -1 -1 -1 -1 -1 -1 -1 -1 -1 -1 -1 -1 -1 -1 -1 -1 -1 -1 0 0 0 0 -1 -1 0 0 -1 0 0 -1 -1 0 0 -1 -1 0 -1 -1 0 -1 -1 0 -1 -1 -1 -1 0 -1 -1 -1 -1 -1 -1 -1 -1 -1 -1 0 0 0
-1 -1 -1 0 -1 -1 0 -1 -1 -1 0 -1 -1 -1 -1 -1 -1 -1 -1 -1 0 0 -1 0 -1 -1 -1 -1 0 -1 -1 -1 0 -1 -1 -1 -1 -1 -1 -1 -1 -1 -1 0 -1 0 0 -1 -1 -1 -1 -1 -1 0 -1 0 -1 -1 -1 0 -1 0 -1 0 0 -1 -1 -1 -1 0 -1 -1 0 0 0 -1 -1 -1 -1 -1 0 -1 -1 -1 -1 -1 0 0 0 -1 -1 0 -1 -1 -1 -1 0 -1 0 0
0 0 -1 -1 -1 0 -1 -1 -1 0 -1 -1 -1 -1 0 0 -1 -1 0 0 -1 0 -1 -1 -1 0 -1 -1 -1 -1 -1 -1 0 0 -1 -1 -1 -1 -1 -1 -1 -1 -1 -1 -1 -1 -1 -1 0 0 -1 -1 0 -1 -1 0 0 0 0 0 -1 -1 -1 -1 0 -1 -1 -1 0 -1 -1 0 -1 0 -1 0 0 -1 0 -1 0 -1 -1 -1 -1 -1 -1 -1 0 0 -1 -1 -1 -1 0 -1 -1 -1 -1 -1
-1 -1 0 -1 -1 -1 -1 -1 -1 0 -1 -1 -1 0 0 -1 0 0 -1 -1 0 -1 -1 -1 -1 -1 0 -1 -1 -1 -1 -1 0 -1 -1 0 0 -1 -1 0 -1 -1 -1 -1 -1 -1 -1 0 -1 -1 -1 -1 -1 0 -1 -1 0 -1 -1 -1 -1 -1 -1 0 -1 -1 -1 -1 -1 -1 0 0 -1 0 0 -1 -1 -1 -1 0 -1 -1 -1 0 -1 -1 -1 -1 -1 -1 -1 -1 -1 -1 0 -1 -1 0 0 -1
0 -1 -1 -1 -1 -1 -1 -1 0 0 -1 -1 -1 -1 -1 0 -1 -1 -1 0 -1 -1 -1 -1 0 -1 -1 -1 -1 -1 0 0 -1 -1 -1 -1 0 0 -1 -1 -1 -1 0 -1 0 -1 -1 -1 -1 -1 -1 0 -1 -1 -1 -1 -1 -1 0 -1 0 -1 -1 -1 0 -1 -1 -1 0 0 -1 0 0 -1 -1 0 -1 -1 -1 0 0 0 0 -1 -1 0 -1 -1 0 0 -1 0 -1 -1 -1 -1 -1 0 -1 -1
-1 -1 0 -1 -1 -1 -1 -1 -1 -1 0 -1 -1 -1 -1 0 -1 -1 -1 -1 -1 -1 -1 -1 -1 -1 0 -1 0 -1 0 -1 -1 -1 0 0 -1 -1 -1 0 0 -1 -1 -1 -1 0 0 -1 0 0 0 0 0 -1 0 -1 0 -1 -1 -1 0 -1 -1 0 -1 -1 0 -1 -1 0 -1 -1 -1 0 -1 -1 -1 0 0 -1 -1 0 0 -1 0 0 0 -1 -1 -1 0 -1 -1 0 -1 0 -1 -1 -1 -1
-1 -1 -1 -1 -1 -1 -1 -1 -1 0 -1 -1 0 0 0 0 -1 -1 -1 0 -1 -1 -1 -1 -1 -1 -1 -1 -1 -1 -1 -1 0 -1 0 0 0 -1 0 -1 0 0 0 -1 -1 0 -1 0 0 0 -1 -1 -1 -1 -1 -1 0 -1 -1 0 -1 -1 0 0 -1 0 -1 0 0 0 0 -1 -1 -1 0 0 -1 0 -1 -1 -1 -1 -1 -1 -1 0 -1 0 -1 -1 -1 -1 -1 -1 0 0 0 0 -1 -1
-1 -1 -1 -1 -1 -1 0 -1 0 -1 -1 -1 0 0 -1 0 0 -1 -1 -1 -1 -1 -1 -1 -1 0 -1 -1 -1 -1 -1 0 -1 -1 0 -1 0 -1 0 -1 -1 -1 -1 0 -1 0 -1 0 -1 -1 -1 -1 -1 0 -1 0 -1 -1 -1 -1 0 0 0 0 -1 -1 -1 -1 0 -1 -1 0 -1 0 -1 0 -1 0 -1 -1 0 -1 -1 -1 -1 -1 -1 -1 0 -1 0 -1 -1 -1 -1 0 -1 -1 -1 -1
0 -1 -1 -1 0 0 -1 -1 -1 -1 0 -1 -1 -1 -1 -1 0 -1 -1 -1 -1 -1 0 -1 -1 -1 0 0 0 -1 -1 -1 0 -1 0 -1 -1 0 -1 -1 -1 -1 -1 -1 -1 -1 0 -1 -1 -1 0 0 0 -1 -1 -1 -1 -1 0 0 -1 -1 -1 -1 -1 0 -1 0 0 -1 0 -1 -1 -1 -1 0 -1 -1 -1 -1 -1 -1 0 -1 -1 -1 -1 0 -1 0 -1 -1 0 0 0 0 0 -1 -1 0
-1 -1 -1 -1 0 -1 -1 -1 -1 -1 0 0 0 0 -1 -1 0 0 0 0 -1 -1 0 -1 -1 -1 -1 -1 0 -1 -1 -1 0 -1 -1 0 -1 -1 -1 0 -1 -1 -1 -1 -1 0 -1 -1 0 -1 -1 0 -1 -1 0 -1 -1 0 -1 -1 -1 -1 -1 -1 -1 -1 -1 -1 0 -1 -1 0 -1 -1 -1 0 0 -1 -1 0 0 0 -1 -1 -1 -1 -1 -1 -1 0 -1 0 -1 -1 0 -1 0 -1 -1 -1
-1 -1 -1 -1 -1 -1 0 -1 -1 -1 -1 -1 -1 0 0 0 -1 0 0 -1 -1 0 -1 -1 -1 0 -1 0 0 -1 0 -1 -1 0 0 -1 -1 -1 -1 -1 -1 0 0 0 -1 -1 -1 -1 0 -1 -1 0 -1 -1 -1 -1 -1 -1 -1 0 -1 -1 0 -1 -1 0 0 -1 -1 -1 0 -1 -1 -1 -1 0 0 0 -1 -1 -1 -1 -1 0 -1 -1 0 0 -1 -1 -1 -1 -1 -1 -1 -1 -1 0 -1 -1
-1 -1 -1 -1 0 -1 -1 -1 -1 -1 -1 -1 -1 0 -1 -1 -1 -1 0 -1 -1 0 -1 0 0 -1 -1 0 -1 0 -1 0 -1 0 -1 -1 0 0 0 0 -1 -1 -1 -1 0 -1 -1 -1 -1 -1 -1 -1 0 -1 0 -1 0 -1 -1 0 -1 -1 -1 -1 -1 0 -1 -1 -1 0 0 -1 -1 -1 0 -1 -1 -1 -1 0 -1 -1 -1 -1 -1 0 -1 0 -1 -1 -1 -1 0 -1 -1 -1 -1 -1 -1 0
0 -1 -1 -1 -1 -1 -1 -1 0 -1 -1 0 -1 -1 -1 -1 0 -1 0 0 -1 -1 -1 -1 -1 -1 -1 -1 0 -1 -1 -1 -1 -1 -1 -1 -1 -1 -1 -1 -1 -1 -1 -1 -1 -1 -1 -1 0 0 -1 -1 0 0 -1 0 0 -1 0 0 0 -1 -1 0 -1 -1 -1 0 -1 0 -1 -1 -1 -1 -1 0 -1 -1 0 0 0 -1 -1 -1 0 -1 -1 -1 -1 0 0 -1 -1 -1 -1 -1 -1 -1 -1 -1
0 0 -1 -1 -1 -1 0 -1 -1 -1 0 -1 -1 0 0 -1 -1 0 0 -1 0 -1 -1 0 -1 -1 -1 -1 0 -1 -1 -1 -1 -1 -1 0 0 0 0 -1 -1 -1 -1 0 -1 -1 0 -1 -1 -1 0 -1 0 -1 -1 -1 -1 -1 0 -1 0 0 0 0 -1 -1 0 -1 -1 -1 -1 -1 0 0 -1 -1 -1 -1 0 0 -1 0 -1 -1 -1 -1 -1 -1 0 -1 -1 -1 0 -1 0 0 -1 -1 -1 0
0 0 -1 0 -1 -1 0 0 -1 -1 -1 0 0 -1 0 -1 0 0 -1 -1 -1 0 0 0 -1 0 -1 -1 -1 -1 -1 -1 -1 0 -1 -1 -1 0 -1 -1 0 0 0 -1 -1 -1 0 0 0 -1 0 -1 -1 -1 0 -1 -1 -1 -1 -1 -1 -1 0 -1 0 -1 -1 -1 -1 -1 -1 -1 0 -1 -1 -1 0 -1 -1 -1 -1 -1 -1 -1 0 -1 -1 -1 -1 -1 -1 -1 -1 0 -1 -1 -1 0 -1 0
-1 -1 -1 0 -1 -1 -1 0 -1 -1 -1 -1 0 -1 0 -1 -1 -1 0 0 -1 0 -1 -1 -1 -1 0 0 0 0 -1 -1 -1 0 0 -1 -1 -1 -1 -1 -1 -1 -1 -1 0 -1 0 -1 0 -1 0 -1 -1 -1 -1 -1 -1 -1 -1 0 -1 -1 -1 0 0 0 0 0 -1 -1 0 -1 -1 -1 -1 0 -1 0 0 -1 0 -1 0 -1 0 0 -1 -1 -1 0 0 -1 -1 0 0 -1 -1 0 -1 -1
0 -1 -1 -1 -1 -1 -1 -1 -1 -1 -1 -1 0 0 0 -1 -1 -1 -1 0 -1 -1 -1 -1 -1 -1 -1 -1 -1 -1 -1 -1 0 0 -1 0 0 -1 0 0 -1 0 -1 -1 -1 0 -1 0 0 0 0 -1 -1 -1 -1 -1 -1 -1 -1 0 -1 -1 -1 -1 -1 0 0 0 0 0 -1 0 -1 -1 0 -1 -1 -1 0 -1 0 0 -1 0 -1 -1 0 -1 -1 -1 -1 -1 -1 -1 -1 -1 -1 -1 0 -1
-1 -1 -1 -1 -1 -1 -1 -1 0 -1 -1 0 0 -1 0 -1 -1 -1 -1 0 -1 0 -1 0 0 -1 0 0 -1 -1 -1 -1 -1 0 0 -1 -1 -1 -1 0 0 0 -1 0 0 -1 -1 -1 0 0 0 0 0 0 0 0 -1 0 -1 -1 -1 -1 -1 -1 0 -1 -1 -1 -1 -1 -1 0 -1 -1 0 -1 -1 -1 -1 -1 -1 -1 0 0 -1 -1 -1 -1 -1 -1 -1 0 0 0 0 -1 -1 0 0 -1
-1 0 -1 -1 0 -1 -1 -1 -1 0 -1 -1 -1 -1 -1 -1 -1 0 -1 -1 -1 -1 0 -1 0 -1 -1 0 0 -1 0 -1 -1 -1 -1 0 -1 0 -1 -1 -1 -1 0 -1 -1 0 0 -1 -1 0 0 -1 -1 -1 -1 -1 -1 -1 0 -1 -1 0 -1 -1 0 -1 -1 -1 -1 -1 -1 -1 -1 -1 -1 -1 -1 -1 -1 -1 -1 0 -1 0 -1 -1 -1 -1 -1 0 0 -1 0 -1 -1 0 -1 0 0 0
-1 0 -1 -1 -1 -1 -1 0 -1 -1 -1 0 -1 -1 -1 0 -1 -1 -1 0 0 0 -1 -1 -1 -1 -1 -1 -1 -1 -1 -1 -1 -1 -1 0 -1 0 -1 0 0 -1 -1 -1 -1 -1 -1 -1 -1 -1 -1 -1 0 -1 -1 -1 -1 -1 -1 -1 0 -1 0 0 -1 0 0 -1 -1 -1 -1 -1 0 -1 -1 -1 0 -1 -1 -1 0 0 -1 -1 0 -1 -1 -1 0 -1 -1 -1 -1 0 -1 0 -1 0 -1 -1
0 -1 -1 -1 -1 0 -1 0 -1 -1 -1 0 -1 0 -1 0 0 0 -1 0 0 0 -1 -1 -1 -1 -1 0 0 -1 -1 0 -1 -1 -1 -1 -1 -1 0 -1 0 -1 0 -1 -1 -1 -1 -1 -1 -1 -1 0 -1 0 -1 -1 -1 -1 -1 -1 -1 -1 -1 0 -1 0 -1 -1 0 -1 0 -1 -1 -1 -1 -1 -1 0 -1 0 -1 0 0 -1 0 -1 -1 -1 -1 0 -1 -1 -1 -1 -1 -1 -1 -1 -1 -1
0 -1 -1 -1 -1 -1 0 -1 -1 -1 -1 0 -1 -1 -1 0 -1 -1 -1 -1 0 0 -1 -1 -1 -1 -1 0 -1 0 0 0 -1 -1 0 0 -1 -1 -1 -1 -1 -1 -1 -1 -1 -1 0 0 0 -1 0 -1 0 -1 -1 -1 -1 -1 0 -1 0 -1 -1 -1 -1 0 -1 -1 -1 -1 -1 -1 -1 0 -1 -1 -1 -1 -1 -1 0 0 0 -1 -1 0 -1 0 -1 -1 -1 -1 -1 -1 -1 -1 -1 -1 -1 -1
-1 -1 -1 0 -1 -1 -1 -1 0 -1 0 -1 -1 -1 -1 -1 0 0 -1 -1 -1 -1 -1 -1 0 -1 0 -1 -1 -1 0 0 0 -1 -1 -1 -1 -1 -1 0 -1 -1 -1 -1 -1 -1 -1 0 -1 -1 -1 0 -1 -1 0 0 -1 -1 -1 -1 0 -1 0 -1 -1 -1 -1 -1 -1 0 -1 0 -1 -1 -1 -1 0 -1 -1 -1 0 -1 -1 -1 -1 -1 -1 -1 0 -1 -1 -1 0 0 0 -1 -1 0 -1 0
-1 -1 -1 0 -1 0 -1 -1 -1 0 -1 0 0 -1 0 0 -1 0 0 0 -1 -1 -1 -1 0 -1 -1 -1 0 -1 -1 0 -1 -1 -1 -1 -1 -1 0 -1 -1 0 -1 -1 -1 -1 -1 -1 -1 -1 -1 0 -1 -1 0 -1 -1 -1 -1 -1 0 -1 -1 -1 -1 0 -1 0 -1 -1 -1 -1 -1 0 -1 0 -1 -1 -1 0 -1 -1 -1 -1 -1 0 -1 0 -1 0 -1 0 0 -1 -1 0 -1 -1 -1 0
0 0 -1 0 0 -1 -1 -1 -1 0 -1 -1 0 -1 -1 -1 -1 -1 -1 -1 -1 -1 -1 0 0 -1 -1 -1 -1 -1 0 -1 -1 -1 0 0 -1 0 0 -1 -1 -1 -1 -1 -1 0 -1 -1 -1 -1 -1 0 0 -1 -1 -1 -1 -1 -1 -1 0 -1 -1 -1 -1 -1 -1 -1 -1 -1 0 -1 -1 -1 -1 -1 -1 -1 0 0 -1 0 0 0 -1 -1 -1 -1 -1 -1 -1 0 -1 -1 -1 -1 -1 -1 0 -1
-1 0 -1 0 -1 0 0 -1 -1 -1 -1 0 -1 -1 -1 0 -1 0 0 -1 0 -1 -1 0 -1 -1 0 -1 -1 -1 -1 -1 0 -1 -1 -1 -1 -1 0 -1 0 -1 -1 -1 -1 -1 -1 -1 -1 -1 0 -1 -1 0 0 -1 -1 0 0 0 0 -1 -1 -1 -1 0 -1 -1 -1 -1 -1 -1 -1 0 0 -1 0 0 -1 0 -1 0 0 -1 -1 0 -1 -1 -1 0 -1 0 -1 0 0 -1 0 0 0 0
0 -1 -1 -1 -1 -1 -1 -1 -1 0 -1 0 -1 -1 0 -1 -1 -1 -1 -1 -1 -1 -1 -1 -1 0 0 -1 -1 -1 -1 -1 0 -1 0 -1 -1 -1 -1 -1 -1 -1 -1 0 -1 -1 -1 -1 -1 -1 -1 0 -1 -1 -1 0 0 -1 -1 -1 -1 -1 0 -1 -1 -1 0 -1 -1 -1 -1 0 -1 0 -1 0 -1 -1 -1 -1 -1 -1 0 -1 -1 0 -1 -1 -1 -1 -1 -1 -1 0 -1 -1 0 -1 0 -1
-1 -1 -1 -1 -1 -1 -1 -1 -1 -1 0 -1 0 -1 0 0 -1 -1 -1 0 -1 -1 -1 -1 0 -1 -1 -1 -1 -1 0 -1 -1 -1 -1 -1 -1 -1 -1 0 0 -1 0 -1 -1 -1 -1 -1 -1 -1 -1 -1 -1 0 -1 -1 0 -1 -1 -1 -1 -1 0 -1 0 0 0 -1 -1 -1 -1 0 -1 0 -1 -1 0 -1 0 -1 -1 0 -1 0 -1 -1 -1 -1 -1 -1 -1 0 -1 -1 -1 0 -1 -1 -1 -1
-1 -1 -1 -1 -1 -1 -1 0 -1 0 -1 -1 -1 -1 -1 0 0 -1 -1 0 -1 0 -1 -1 0 0 0 -1 -1 -1 -1 -1 0 -1 0 -1 -1 0 -1 -1 -1 -1 -1 -1 -1 0 0 -1 -1 -1 -1 -1 -1 -1 -1 0 -1 -1 -1 -1 -1 -1 -1 -1 0 -1 -1 -1 -1 -1 0 -1 -1 -1 -1 -1 -1 0 -1 -1 -1 0 -1 -1 -1 0 -1 -1 -1 -1 -1 -1 0 0 0 -1 0 -1 -1 0
-1 -1 -1 0 0 -1 -1 0 -1 -1 -1 0 0 -1 0 -1 0 -1 -1 -1 -1 -1 -1 -1 0 -1 -1 -1 0 -1 -1 0 0 -1 0 -1 0 -1 -1 0 -1 -1 -1 -1 -1 0 0 -1 -1 -1 -1 -1 0 -1 -1 -1 0 -1 -1 -1 0 0 -1 -1 -1 -1 -1 -1 -1 -1 -1 -1 -1 -1 -1 0 0 0 0 -1 -1 -1 -1 -1 -1 -1 -1 -1 -1 -1 -1 -1 0 -1 -1 -1 -1 -1 0 -1
0 0 -1 0 -1 -1 -1 0 -1 0 -1 0 -1 -1 -1 -1 0 -1 0 0 -1 0 0 -1 -1 0 -1 0 -1 -1 -1 -1 -1 0 -1 0 0 -1 -1 -1 -1 0 0 0 -1 0 0 -1 0 -1 -1 -1 -1 -1 -1 -1 -1 -1 -1 -1 -1 0 -1 -1 0 0 -1 0 -1 -1 -1 -1 -1 0 -1 -1 -1 -1 -1 -1 0 0 -1 -1 0 -1 -1 -1 -1 -1 -1 -1 0 0 0 -1 -1 -1 -1 0
-1 -1 -1 -1 -1 -1 -1 0 -1 -1 0 0 0 0 -1 0 -1 -1 -1 0 -1 -1 0 0 -1 -1 0 0 -1 -1 -1 0 -1 0 -1 0 -1 -1 0 -1 -1 -1 -1 -1 -1 0 -1 0 0 -1 -1 0 0 -1 -1 -1 -1 -1 -1 -1 0 0 -1 -1 0 -1 0 -1 0 0 -1 -1 -1 -1 -1 -1 -1 -1 0 0 -1 -1 -1 -1 0 -1 -1 0 0 -1 0 0 -1 -1 -1 -1 -1 -1 -1 -1
-1 -1 -1 -1 -1 -1 0 0 -1 -1 0 0 0 -1 -1 -1 -1 0 -1 -1 -1 -1 -1 -1 0 -1 -1 -1 -1 0 0 0 -1 -1 0 -1 -1 -1 -1 0 -1 -1 0 -1 -1 -1 -1 -1 0 0 0 0 -1 -1 0 -1 -1 0 0 -1 -1 0 0 -1 0 -1 0 -1 0 -1 0 0 -1 -1 -1 0 -1 0 -1 0 0 0 0 0 0 -1 -1 -1 -1 -1 0 -1 -1 -1 -1 -1 -1 -1 0 -1
0 0 -1 -1 -1 0 0 -1 -1 -1 -1 -1 -1 -1 0 0 -1 -1 -1 -1 -1 -1 -1 0 -1 0 -1 -1 0 0 -1 -1 -1 -1 -1 0 0 0 0 -1 -1 -1 0 -1 -1 0 0 -1 -1 -1 0 -1 -1 -1 0 -1 -1 -1 -1 -1 -1 -1 -1 -1 -1 -1 -1 -1 -1 0 -1 -1 -1 -1 0 -1 -1 0 -1 -1 -1 0 -1 0 -1 -1 0 0 -1 0 -1 -1 -1 -1 -1 -1 -1 -1 -1 0
0 -1 -1 0 -1 0 -1 -1 -1 0 0 -1 0 0 0 0 0 -1 0 -1 -1 -1 0 -1 -1 -1 0 -1 -1 -1 -1 -1 0 0 -1 -1 -1 -1 -1 -1 0 0 0 -1 -1 -1 -1 -1 -1 -1 -1 -1 0 -1 -1 -1 -1 0 -1 -1 -1 0 0 0 0 -1 -1 -1 -1 -1 -1 -1 -1 -1 -1 0 -1 -1 -1 -1 -1 0 -1 -1 0 -1 0 0 -1 -1 -1 -1 0 -1 -1 -1 -1 -1 0 -1
-1 -1 -1 0 -1 -1 0 0 -1 -1 -1 0 -1 0 -1 -1 0 0 0 0 0 0 -1 -1 0 -1 -1 -1 -1 -1 -1 0 0 0 -1 0 0 0 -1 0 -1 -1 0 0 -1 -1 -1 -1 -1 0 0 -1 -1 -1 0 -1 -1 0 -1 -1 -1 0 -1 -1 0 0 -1 -1 0 0 -1 -1 -1 -1 -1 0 -1 -1 0 -1 -1 -1 -1 -1 0 -1 -1 -1 0 -1 -1 0 0 0 -1 -1 0 0 -1 0
0 0 0 -1 -1 -1 -1 -1 -1 -1 -1 0 0 -1 -1 -1 -1 0 0 0 0 -1 -1 0 -1 -1 -1 -1 -1 -1 -1 -1 -1 -1 -1 -1 -1 -1 -1 -1 0 -1 -1 0 0 0 -1 -1 0 0 0 -1 -1 0 0 -1 0 0 -1 0 0 -1 0 0 0 -1 0 -1 -1 -1 -1 0 -1 0 -1 0 -1 0 -1 0 -1 -1 -1 -1 0 -1 0 -1 -1 -1 -1 0 -1 0 -1 -1 -1 -1 0 -1
-1 -1 -1 -1 -1 -1 -1 -1 -1 -1 -1 -1 -1 0 0 0 -1 -1 0 -1 -1 -1 0 0 -1 0 -1 0 0 -1 0 0 -1 0 0 -1 0 -1 0 -1 0 -1 -1 -1 -1 -1 -1 -1 0 -1 -1 -1 0 -1 -1 -1 -1 -1 0 -1 -1 -1 -1 -1 -1 -1 0 -1 0 0 -1 0 -1 -1 -1 -1 0 0 -1 -1 -1 -1 0 -1 -1 0 0 0 0 -1 -1 -1 -1 -1 0 0 0 -1 0 -1
0 -1 -1 -1 0 -1 -1 0 -1 -1 -1 -1 0 -1 -1 -1 -1 0 -1 -1 -1 -1 0 -1 -1 0 0 -1 -1 -1 0 -1 -1 -1 -1 -1 -1 -1 -1 -1 -1 0 -1 -1 -1 -1 -1 -1 -1 -1 -1 -1 -1 -1 -1 -1 -1 -1 -1 -1 -1 0 -1 -1 0 -1 -1 -1 -1 0 0 0 -1 -1 -1 -1 -1 0 -1 -1 -1 0 -1 0 0 0 -1 -1 -1 -1 0 -1 -1 -1 -1 -1 -1 -1 -1 0
-1 0 0 0 -1 0 0 -1 -1 -1 0 0 0 -1 -1 -1 0 0 0 -1 0 -1 -1 -1 -1 -1 -1 -1 0 0 0 0 0 -1 -1 -1 -1 0 0 -1 -1 -1 -1 -1 -1 -1 0 0 -1 0 -1 0 0 -1 0 -1 -1 0 -1 -1 -1 -1 0 0 -1 0 -1 -1 -1 -1 0 -1 -1 -1 -1 0 0 -1 -1 0 0 -1 -1 -1 -1 0 -1 -1 -1 -1 0 -1 -1 0 0 -1 0 -1 0 0
-1 -1 0 -1 0 0 -1 0 0 -1 -1 -1 -1 0 -1 -1 0 0 -1 -1 -1 -1 0 -1 0 0 -1 0 -1 -1 -1 0 0 -1 0 -1 -1 -1 -1 -1 -1 -1 0 -1 -1 -1 -1 -1 -1 -1 -1 -1 0 -1 -1 0 -1 -1 0 0 -1 0 -1 -1 0 0 -1 0 -1 -1 -1 -1 -1 -1 0 -1 -1 -1 -1 -1 0 -1 -1 -1 0 -1 -1 -1 -1 -1 -1 0 -1 -1 -1 0 0 -1 -1 -1
0 -1 -1 -1 -1 -1 0 0 -1 -1 -1 0 0 -1 -1 -1 -1 0 -1 -1 -1 -1 -1 -1 0 -1 0 -1 -1 -1 -1 -1 -1 -1 0 -1 -1 0 -1 -1 -1 0 -1 -1 -1 -1 -1 -1 -1 -1 -1 -1 0 -1 0 -1 -1 -1 0 -1 -1 -1 -1 -1 -1 0 -1 -1 -1 -1 0 -1 -1 0 -1 0 -1 0 0 -1 0 0 -1 0 0 -1 -1 -1 0 -1 -1 -1 -1 -1 0 0 -1 0 0 -1
-1 -1 -1 0 -1 0 0 -1 -1 0 -1 0 -1 -1 0 -1 -1 0 -1 -1 -1 -1 -1 -1 -1 0 -1 0 -1 -1 -1 -1 -1 0 -1 -1 -1 0 0 0 -1 -1 0 -1 -1 0 -1 -1 -1 -1 -1 -1 0 -1 0 -1 -1 -1 -1 -1 -1 -1 -1 -1 -1 0 0 -1 -1 -1 -1 -1 -1 -1 -1 0 -1 0 -1 0 -1 0 0 0 0 0 -1 -1 -1 0 -1 -1 -1 -1 -1 -1 0 -1 0 -1
-1 -1 0 -1 -1 0 -1 -1 0 -1 0 -1 -1 -1 -1 -1 0 0 -1 -1 0 0 0 0 -1 -1 -1 -1 0 -1 -1 -1 -1 -1 0 -1 -1 -1 -1 0 -1 -1 0 0 0 -1 -1 0 -1 -1 0 0 -1 -1 -1 0 -1 -1 -1 -1 -1 -1 0 0 0 -1 -1 -1 -1 0 -1 -1 0 -1 -1 -1 -1 -1 0 0 0 -1 0 0 -1 0 -1 -1 -1 0 -1 -1 -1 0 -1 0 -1 -1 -1 0
-1 -1 0 -1 -1 -1 0 0 0 -1 -1 -1 0 0 -1 -1 0 -1 -1 0 -1 0 -1 -1 0 -1 -1 0 -1 0 0 -1 -1 -1 -1 0 -1 -1 -1 -1 -1 -1 0 0 -1 0 -1 -1 -1 0 -1 -1 0 0 -1 -1 0 -1 -1 -1 -1 -1 -1 0 -1 -1 -1 -1 -1 -1 -1 -1 0 0 -1 0 -1 -1 -1 0 0 -1 -1 -1 -1 -1 -1 -1 -1 -1 -1 -1 -1 0 -1 0 -1 -1 -1 -1
-1 0 -1 -1 -1 -1 -1 -1 0 0 -1 -1 -1 -1 0 -1 -1 -1 0 -1 -1 -1 -1 0 0 0 -1 0 -1 0 -1 -1 0 -1 -1 -1 -1 0 0 0 -1 0 -1 -1 -1 0 -1 0 0 -1 -1 -1 -1 0 0 -1 -1 0 -1 0 0 -1 0 -1 0 -1 -1 -1 0 -1 -1 -1 -1 -1 -1 0 0 0 -1 -1 -1 -1 -1 -1 -1 0 -1 -1 -1 -1 -1 -1 -1 -1 -1 0 -1 -1 -1 -1
-1 -1 -1 -1 -1 -1 -1 0 -1 -1 -1 -1 -1 -1 -1 -1 -1 0 0 -1 -1 -1 -1 0 -1 -1 0 0 0 -1 -1 -1 -1 -1 0 -1 0 -1 -1 -1 -1 -1 -1 -1 -1 -1 -1 -1 0 -1 -1 -1 0 0 -1 -1 0 -1 0 -1 -1 -1 -1 -1 -1 0 -1 -1 -1 -1 -1 -1 0 -1 -1 -1 -1 -1 -1 0 -1 0 0 -1 -1 0 -1 -1 -1 0 0 -1 -1 -1 0 0 0 0 0 -1
0 -1 -1 -1 -1 0 -1 -1 -1 -1 -1 -1 -1 0 -1 0 -1 -1 -1 -1 -1 -1 -1 -1 0 -1 -1 0 -1 0 -1 -1 -1 0 0 -1 -1 -1 -1 0 -1 -1 -1 0 0 -1 0 -1 -1 0 0 0 -1 0 -1 0 0 -1 -1 0 -1 -1 0 -1 -1 -1 -1 0 -1 0 -1 -1 -1 -1 -1 -1 -1 -1 -1 0 -1 -1 -1 -1 0 0 -1 -1 -1 -1 -1 0 -1 0 -1 -1 -1 -1 -1 -1
-1 0 -1 -1 -1 -1 -1 -1 -1 0 -1 -1 -1 -1 0 -1 0 -1 -1 -1 -1 -1 0 -1 -1 -1 0 -1 0 0 0 -1 0 -1 -1 -1 -1 -1 -1 0 -1 -1 -1 -1 0 -1 0 -1 -1 -1 0 -1 -1 -1 -1 0 -1 -1 0 0 0 0 -1 0 -1 -1 -1 -1 -1 -1 -1 -1 -1 0 0 -1 -1 -1 0 -1 -1 -1 -1 0 -1 -1 -1 0 -1 0 -1 -1 0 -1 -1 -1 -1 -1 -1 -1
0 0 -1 -1 -1 -1 -1 -1 -1 -1 -1 -1 0 -1 0 0 0 0 0 -1 0 -1 -1 -1 -1 -1 0 -1 -1 -1 -1 -1 0 -1 -1 -1 -1 -1 0 0 -1 -1 -1 0 -1 -1 -1 -1 -1 -1 -1 -1 -1 -1 -1 0 -1 -1 -1 0 0 -1 0 0 -1 -1 -1 -1 -1 0 -1 -1 -1 -1 0 0 0 -1 0 0 -1 -1 0 -1 -1 -1 -1 -1 -1 -1 -1 -1 0 0 0 -1 -1 -1 0 0
-1 0 -1 -1 -1 -1 -1 -1 0 0 -1 0 -1 0 -1 -1 -1 0 -1 -1 -1 -1 0 -1 -1 -1 0 0 -1 -1 0 -1 -1 0 -1 -1 -1 -1 0 -1 -1 -1 0 0 0 0 0 0 -1 -1 0 0 0 -1 0 0 -1 -1 -1 -1 0 -1 -1 -1 -1 -1 -1 -1 -1 0 -1 -1 -1 -1 -1 -1 -1 -1 0 -1 0 -1 -1 -1 -1 -1 -1 0 0 -1 -1 -1 0 -1 -1 -1 -1 0 -1 -1
-1 -1 0 -1 -1 -1 -1 0 0 -1 -1 0 -1 -1 0 -1 -1 -1 -1 -1 -1 -1 0 -1 0 0 -1 -1 -1 -1 -1 -1 -1 -1 -1 -1 0 -1 -1 0 -1 -1 0 -1 -1 0 -1 -1 -1 -1 -1 0 -1 -1 -1 -1 -1 0 -1 -1 0 0 0 -1 -1 -1 0 -1 -1 0 -1 -1 -1 0 -1 -1 -1 -1 -1 -1 -1 0 -1 -1 0 -1 0 0 -1 -1 0 -1 -1 0 -1 -1 -1 -1 -1 0
-1 0 -1 -1 -1 -1 -1 0 -1 -1 0 0 -1 -1 -1 0 -1 0 0 -1 0 -1 -1 -1 0 0 -1 0 -1 -1 -1 -1 -1 -1 -1 -1 0 -1 -1 -1 -1 0 -1 -1 -1 -1 0 0 -1 -1 -1 -1 -1 0 -1 -1 -1 0 -1 -1 -1 0 0 0 -1 0 -1 -1 -1 -1 -1 -1 0 -1 -1 -1 -1 -1 0 -1 0 0 -1 -1 -1 -1 -1 0 0 -1 -1 -1 -1 -1 0 -1 0 -1 -1 -1
-1 -1 0 -1 -1 0 -1 -1 -1 -1 0 0 -1 -1 -1 -1 -1 -1 -1 -1 -1 -1 -1 -1 0 -1 -1 0 0 -1 -1 -1 0 -1 -1 -1 0 -1 0 -1 0 -1 0 -1 -1 -1 -1 -1 -1 -1 0 0 -1 -1 -1 0 -1 -1 -1 -1 -1 -1 0 -1 -1 -1 -1 -1 -1 -1 -1 0 -1 -1 -1 0 -1 0 -1 0 -1 -1 0 -1 0 -1 -1 0 0 0 -1 -1 -1 -1 -1 -1 -1 -1 -1 -1
0 -1 -1 -1 -1 0 -1 0 -1 -1 -1 0 -1 -1 -1 0 0 0 -1 0 0 -1 -1 -1 -1 0 -1 -1 0 -1 0 0 0 -1 -1 -1 0 -1 0 -1 -1 0 -1 -1 0 0 -1 -1 -1 -1 0 -1 -1 -1 -1 0 0 -1 0 -1 -1 0 -1 0 -1 0 0 -1 -1 -1 -1 -1 0 -1 0 0 -1 0 -1 -1 0 -1 -1 -1 0 -1 0 0 -1 0 -1 -1 0 -1 -1 0 -1 -1 0 -1
-1 -1 -1 -1 -1 0 0 -1 -1 -1 -1 0 -1 -1 -1 -1 -1 -1 0 -1 -1 -1 -1 0 -1 -1 -1 0 -1 -1 -1 -1 -1 -1 -1 -1 -1 -1 -1 -1 -1 -1 -1 -1 -1 -1 0 -1 -1 0 -1 -1 -1 -1 -1 -1 -1 -1 -1 0 -1 -1 -1 0 -1 -1 0 -1 -1 -1 -1 0 -1 0 0 -1 -1 -1 0 -1 -1 0 0 -1 -1 0 -1 -1 -1 0 0 0 -1 -1 -1 -1 -1 -1 -1 0
-1 -1 0 -1 0 -1 -1 -1 -1 -1 -1 0 -1 -1 -1 -1 -1 -1 0 -1 -1 -1 -1 -1 -1 -1 -1 -1 0 -1 -1 0 0 -1 -1 -1 -1 -1 -1 -1 -1 -1 0 -1 0 -1 -1 0 -1 0 -1 0 -1 0 -1 -1 -1 0 0 0 -1 -1 -1 0 -1 -1 -1 -1 -1 0 0 0 -1 -1 0 -1 -1 -1 -1 -1 -1 -1 0 -1 0 -1 -1 -1 -1 -1 -1 0 -1 -1 -1 -1 0 -1 0 -1
0 -1 0 -1 -1 -1 0 -1 -1 0 -1 -1 -1 -1 0 0 0 -1 -1 -1 -1 -1 0 -1 -1 -1 0 -1 -1 -1 -1 0 -1 0 -1 -1 -1 -1 -1 -1 0 0 0 -1 0 0 -1 -1 0 -1 -1 0 -1 -1 -1 -1 -1 -1 -1 -1 0 -1 -1 -1 -1 0 -1 -1 0 -1 -1 0 -1 -1 -1 0 -1 -1 -1 0 -1 -1 0 -1 -1 -1 0 -1 -1 -1 0 -1 -1 -1 -1 -1 -1 -1 -1 -1
-1 -1 -1 0 -1 -1 0 -1 0 -1 0 0 -1 -1 0 -1 -1 -1 -1 -1 0 -1 -1 -1 0 0 0 0 0 -1 -1 -1 -1 -1 0 0 -1 -1 -1 0 -1 -1 0 0 0 -1 -1 0 -1 -1 -1 -1 0 -1 0 -1 -1 -1 0 -1 -1 -1 -1 -1 -1 0 -1 -1 -1 -1 0 -1 -1 -1 0 0 0 0 0 -1 -1 -1 -1 -1 -1 -1 0 -1 -1 0 -1 -1 -1 -1 -1 -1 0 -1 -1 -1
-1 -1 -1 0 -1 -1 -1 -1 0 0 -1 -1 -1 -1 -1 0 -1 -1 -1 0 -1 -1 0 0 -1 0 -1 -1 -1 -1 0 -1 -1 0 0 0 -1 -1 -1 0 0 0 0 -1 -1 -1 -1 0 0 0 -1 0 -1 -1 -1 -1 0 -1 0 0 0 -1 -1 0 -1 -1 -1 -1 0 -1 0 -1 -1 0 -1 -1 -1 0 -1 -1 -1 -1 -1 -1 -1 0 -1 0 -1 0 -1 -1 -1 -1 0 -1 -1 -1 -1 0
0 0 -1 -1 -1 0 -1 0 0 0 -1 0 0 -1 0 -1 -1 -1 -1 0 -1 -1 -1 -1 -1 -1 0 -1 -1 -1 0 -1 -1 -1 -1 0 -1 -1 -1 0 -1 -1 -1 0 -1 -1 -1 -1 0 -1 -1 -1 -1 -1 -1 0 -1 -1 0 -1 -1 0 -1 0 0 -1 -1 -1 0 0 0 0 -1 -1 -1 -1 -1 -1 -1 0 -1 -1 0 0 -1 -1 -1 0 -1 0 -1 -1 -1 0 -1 0 0 -1 -1 0
-1 -1 0 -1 -1 0 -1 -1 -1 -1 -1 0 0 -1 0 -1 0 -1 -1 0 -1 0 0 -1 -1 0 0 -1 0 -1 -1 -1 0 -1 -1 -1 -1 -1 -1 -1 -1 -1 0 0 -1 -1 -1 -1 0 -1 -1 0 -1 -1 -1 -1 0 -1 -1 0 -1 -1 -1 0 -1 -1 -1 0 -1 -1 -1 -1 -1 -1 -1 0 0 -1 -1 -1 -1 -1 0 -1 0 -1 0 -1 -1 0 -1 0 -1 0 -1 -1 0 -1 -1 -1
-1 -1 -1 -1 0 -1 0 -1 0 -1 0 -1 -1 0 0 0 -1 0 -1 -1 -1 -1 -1 0 -1 -1 0 -1 -1 -1 -1 0 -1 -1 -1 0 0 -1 -1 -1 0 0 -1 -1 -1 0 0 -1 -1 -1 -1 -1 0 0 -1 -1 -1 0 -1 -1 -1 -1 -1 -1 -1 -1 -1 0 0 -1 0 -1 -1 -1 -1 0 0 0 0 -1 0 0 -1 -1 -1 -1 -1 -1 -1 -1 -1 -1 -1 0 -1 -1 -1 -1 0 -1
-1 -1 -1 -1 -1 -1 0 -1 -1 0 -1 -1 0 0 -1 -1 -1 -1 0 -1 -1 -1 -1 -1 -1 0 -1 -1 0 -1 0 -1 -1 -1 -1 -1 -1 -1 -1 0 -1 -1 -1 -1 0 -1 -1 -1 0 -1 -1 0 0 -1 -1 -1 -1 0 -1 -1 0 -1 -1 -1 0 0 -1 -1 -1 -1 -1 -1 -1 -1 -1 0 0 -1 0 0 -1 0 -1 -1 -1 -1 -1 -1 -1 0 -1 -1 -1 -1 -1 -1 -1 0 0 0
-1 -1 -1 0 -1 -1 -1 -1 -1 -1 -1 -1 -1 -1 -1 0 -1 -1 -1 0 0 -1 -1 -1 0 -1 0 0 -1 -1 -1 -1 -1 0 0 -1 -1 0 -1 0 0 -1 0 0 -1 0 0 0 -1 -1 -1 -1 0 -1 -1 0 -1 0 -1 0 -1 -1 0 -1 0 -1 -1 -1 -1 0 -1 0 -1 0 -1 -1 -1 -1 -1 -1 -1 -1 0 0 -1 -1 0 -1 -1 -1 -1 -1 -1 -1 -1 -1 0 -1 -1 -1
-1 0 -1 -1 -1 -1 -1 -1 -1 0 -1 0 -1 -1 -1 -1 0 -1 0 -1 -1 -1 -1 -1 -1 0 0 -1 -1 0 -1 -1 -1 -1 -1 -1 0 -1 -1 -1 -1 -1 -1 -1 -1 -1 -1 -1 -1 -1 -1 -1 -1 -1 0 0 -1 -1 0 0 -1 -1 -1 -1 -1 -1 -1 0 -1 -1 -1 -1 -1 -1 -1 -1 0 0 -1 -1 0 0 -1 -1 -1 -1 -1 0 -1 -1 -1 -1 -1 -1 -1 0 -1 -1 0 -1
-1 -1 -1 -1 -1 -1 -1 -1 0 -1 -1 0 -1 0 0 0 -1 0 -1 -1 -1 -1 -1 -1 0 -1 -1 -1 0 0 -1 0 -1 -1 -1 -1 -1 0 -1 -1 -1 0 0 0 -1 -1 -1 -1 -1 -1 -1 0 0 0 -1 0 0 -1 -1 0 -1 0 -1 -1 -1 -1 0 -1 0 -1 0 -1 -1 -1 -1 -1 -1 -1 -1 -1 -1 -1 0 -1 0 -1 -1 0 0 0 0 -1 0 0 -1 -1 -1 -1 -1 -1
0 -1 0 -1 -1 -1 -1 0 -1 -1 -1 -1 -1 -1 0 -1 0 -1 -1 -1 -1 -1 0 -1 -1 0 -1 -1 0 -1 -1 -1 0 -1 -1 0 -1 -1 0 -1 0 -1 0 -1 -1 -1 -1 0 -1 0 -1 -1 -1 -1 -1 -1 -1 -1 0 -1 0 0 -1 -1 -1 -1 -1 -1 -1 -1 -1 -1 -1 0 -1 -1 -1 -1 -1 -1 0 0 0 -1 -1 -1 -1 -1 0 0 0 -1 -1 -1 0 0 0 0 0 -1
-1 -1 0 0 -1 -1 -1 0 0 0 -1 -1 -1 -1 0 -1 -1 0 0 -1 0 -1 -1 -1 0 0 0 -1 -1 0 -1 -1 -1 -1 -1 -1 -1 -1 0 -1 -1 0 -1 -1 -1 -1 0 0 -1 0 -1 -1 -1 -1 -1 -1 -1 0 -1 -1 -1 -1 0 -1 -1 0 -1 -1 0 -1 -1 -1 0 -1 -1 0 -1 -1 -1 0 -1 -1 -1 0 -1 -1 -1 -1 0 -1 -1 -1 0 -1 -1 -1 0 0 -1 0
0 -1 0 -1 0 -1 -1 -1 -1 0 -1 -1 -1 -1 0 -1 0 0 -1 0 -1 -1 -1 0 0 -1 0 0 -1 -1 -1 -1 0 -1 0 -1 -1 -1 -1 -1 -1 -1 -1 -1 -1 -1 -1 0 -1 0 -1 0 -1 -1 -1 -1 -1 -1 0 0 0 0 -1 -1 -1 -1 0 -1 0 0 0 0 -1 0 -1 0 -1 0 -1 -1 -1 0 -1 -1 -1 -1 -1 -1 0 -1 0 -1 0 0 -1 -1 0 -1 -1 -1
-1 -1 -1 -1 -1 0 -1 -1 -1 -1 0 -1 -1 -1 -1 -1 -1 -1 0 -1 0 0 -1 0 -1 -1 0 -1 -1 0 0 -1 -1 -1 -1 -1 -1 -1 -1 0 0 -1 -1 0 -1 -1 -1 -1 -1 -1 -1 -1 -1 -1 -1 -1 -1 0 -1 -1 -1 -1 0 -1 0 0 -1 -1 -1 -1 0 -1 -1 0 -1 0 -1 -1 0 -1 -1 -1 -1 0 -1 0 -1 -1 -1 -1 0 0 0 -1 -1 -1 -1 -1 -1 -1
-1 0 -1 -1 0 -1 0 -1 -1 -1 0 -1 -1 -1 0 0 0 -1 0 0 -1 0 -1 -1 -1 -1 -1 0 -1 -1 -1 -1 -1 0 -1 -1 -1 -1 -1 -1 0 -1 -1 -1 -1 -1 0 -1 -1 -1 -1 -1 -1 -1 -1 -1 -1 0 0 0 -1 -1 -1 -1 -1 0 -1 -1 -1 0 -1 -1 -1 -1 0 -1 -1 -1 -1 -1 -1 -1 -1 -1 -1 -1 0 -1 -1 -1 -1 0 -1 -1 0 -1 -1 -1 -1 0
-1 0 -1 -1 0 -1 0 -1 0 -1 0 -1 0 -1 -1 -1 -1 -1 -1 0 0 0 -1 -1 -1 -1 -1 -1 0 0 0 -1 -1 -1 0 -1 0 0 -1 -1 0 0 0 -1 -1 0 -1 0 -1 -1 -1 -1 0 -1 0 0 0 -1 -1 -1 0 0 -1 -1 -1 0 0 -1 -1 -1 -1 -1 -1 -1 0 -1 -1 0 0 0 -1 -1 -1 0 -1 -1 0 -1 0 -1 -1 0 -1 0 -1 -1 -1 -1 -1 -1
0 -1 0 -1 -1 -1 -1 -1 0 -1 -1 -1 -1 -1 0 0 -1 -1 0 -1 0 -1 -1 -1 0 -1 -1 -1 -1 -1 0 0 -1 -1 0 -1 -1 -1 -1 -1 0 -1 -1 -1 -1 -1 0 -1 -1 -1 0 -1 0 -1 -1 0 -1 -1 -1 -1 -1 -1 -1 -1 -1 -1 -1 -1 -1 0 -1 -1 -1 0 -1 0 0 -1 -1 -1 -1 -1 -1 -1 0 0 -1 0 -1 0 -1 -1 -1 -1 -1 -1 0 -1 -1 -1
100
-7 5 -1 -3 0 0 -4 8 5 -5 3 7 4 8 10 -1 -9 -9 0 -10 4 0 -2 -2 10 -2 0 7 -7 8 5 -4 0 8 -1 3 0 0 10 0 7 -9 -8 5 6 0 0 -8 -4 3 0 7 0 7 0 -9 -9 9 0 0 -3 0 -10 0 -8 -3 -10 -2 0 0 0 -6 1 7 0 1 -6 0 -2 0 0 -10 10 5 0 -1 0 4 10 0 -6 -10 -4 2 0 0 -1 -5 1 4 