10 0.95 0
10 0.9 0
10 0.8 0
10 0.7 0
10 0.6 0
10 0.5 0
10 0.4 0
10 0.3 0
10 0.2 0
10 0.1 0
10 0 0
100 0.95 0
100 0.9 0
100 0.8 0
100 0.7 0
100 0.6 0
100 0.5 0
100 0.4 0
100 0.3 0
100 0.2 0
100 0.1 0
100 0 0
60 0.95 0
60 0.9 0
60 0.8 0
60 0.7 0
60 0.6 0
60 0.5 0
60 0.4 0
60 0.3 0
60 0.2 0
60 0.1 0
60 0 0
10 0.95 1
10 0.9 1
10 0.8 1
10 0.7 1
10 0.6 1
10 0.5 1
10 0.4 1
10 0.3 1
10 0.2 1
10 0.1 1
10 0 1
100 0.95 1
100 0.9 1
100 0.8 1
100 0.7 1
100 0.6 1
100 0.5 1
100 0.4 1
100 0.3 1
100 0.2 1
100 0.1 1
100 0 1
60 0.95 1
60 0.9 1
60 0.8 1
60 0.7 1
60 0.6 1
60 0.5 1
60 0.4 1
60 0.3 1
60 0.2 1
60 0.1 1
60 0 1
150 0.95 1
150 0.9 1
150 0.8 1
150 0.7 1
150 0.6 1
150 0.5 1
150 0.4 1
150 0.3 1
150 0.2 1
150 0.1 1
150 0 1
150 0.95 0
150 0.9 0
150 0.8 0
150 0.7 0
150 0.6 0
150 0.5 0
150 0.4 0
150 0.3 0
150 0.2 0
150 0.1 0
150 0 0